28 30
4 3 1 4 1 4 3 1 0 0 0 1 4 1 1 4 0 1 1 2 0 2 2 3 1 1 1 3
1 1 3 1 1 2 1 1 1 2 0 2 3 2 3 2 0 0 3 0 1 4 1 2 1 1 2 1
2 2 1 0 1 4 0 4 1 1 3 0 4 3 3 1 1 2 1 0 2 3 0 4 0 2 0 1
2 2 1 1 1 2 3 0 2 4 2 2 3 1 2 2 1 3 0 0 2 1 3 1 2 3 3 4
4 2 4 0 1 4 2 3 2 2 4 2 1 3 1 0 3 0 1 2 4 4 0 1 2 2 2 2
3 4 2 0 2 1 4 1 2 0 2 1 4 2 2 2 3 3 3 2 2 4 1 1 1 3 1 4
3 0 3 2 3 2 3 0 0 0 3 3 3 2 3 1 2 1 2 4 0 3 2 1 2 2 3 2
4 2 0 4 0 4 2 0 1 1 1 1 0 1 2 1 2 4 4 2 1 3 2 2 0 2 4 4
3 0 2 1 0 1 2 2 1 4 2 0 1 4 3 3 4 2 3 0 1 2 0 4 1 4 0 2
2 1 2 1 0 2 4 2 1 3 2 1 0 4 2 1 2 3 4 3 1 2 2 3 1 2 3 3
2 3 2 1 2 2 0 3 0 2 2 2 4 3 3 4 3 3 2 4 0 0 0 0 1 2 1 2
2 2 3 1 3 2 2 4 4 3 0 1 0 2 0 1 3 4 1 1 1 3 0 2 2 3 1 2
1 2 0 3 0 2 1 0 0 1 0 0 2 3 4 0 4 1 3 3 1 0 3 2 0 0 0 3
0 3 0 2 3 2 3 3 1 2 2 4 1 3 1 3 0 3 1 3 4 0 1 0 1 3 0 1
4 3 1 1 4 2 2 1 0 3 4 3 4 3 4 4 1 3 2 2 0 0 1 2 2 1 3 4
1 2 3 2 3 3 1 0 0 3 2 1 0 0 3 2 0 4 3 2 4 3 3 1 3 0 2 1
0 0 0 0 2 3 4 0 1 4 2 2 2 0 1 2 2 4 2 3 4 0 3 3 1 2 2 4
0 3 1 2 3 1 3 1 2 1 1 1 0 1 2 4 3 3 2 3 3 2 0 0 1 1 3 2
0 1 3 3 4 4 0 1 1 2 0 4 4 2 0 2 1 4 0 4 2 1 0 0 1 1 1 4
2 0 0 3 4 4 2 2 0 0 2 4 4 2 1 2 1 1 2 3 3 0 0 3 1 2 1 4
4 3 2 3 0 3 4 1 1 0 4 2 1 0 2 3 3 2 1 2 1 3 4 2 0 2 3 3
3 0 1 0 1 2 2 1 2 1 3 4 2 2 2 2 0 1 1 3 1 0 3 4 0 1 3 1
2 4 2 0 4 0 1 4 2 4 3 3 4 1 1 4 3 3 2 0 2 1 3 3 4 2 2 3
2 3 0 3 1 0 0 4 3 0 2 0 2 2 0 3 3 2 1 3 2 2 1 2 3 1 0 1
0 2 2 0 0 2 3 1 3 1 2 3 2 1 1 2 2 0 2 1 0 4 3 4 1 2 3 3
3 1 3 0 4 4 0 1 0 0 3 3 2 0 1 3 2 2 1 1 4 0 2 0 1 4 0 0
0 2 3 1 2 2 3 1 3 1 0 1 0 3 1 3 0 0 2 0 0 3 2 4 2 1 2 1
1 3 0 3 2 2 1 2 4 0 4 3 0 0 1 1 1 1 3 0 4 3 0 3 1 1 2 1
3 0 3 2 1 1 1 1 1 3 4 2 2 2 4 3 4 2 1 1 0 4 3 3 4 2 0 2
3 4 0 2 0 0 3 3 1 4 4 3 0 4 2 0 4 0 1 2 3 0 0 0 1 4 3 4
7 1 6 7
9 30
1 4 4 4 0 0 2 0 2
1 4 4 4 0 2 2 2 1
2 4 4 4 2 3 4 4 4
0 3 1 1 2 0 4 4 4
0 1 0 1 1 2 4 4 4
4 4 4 0 1 0 3 0 1
4 4 4 3 0 3 3 1 0
4 4 4 1 1 0 3 2 1
1 2 0 1 1 0 3 0 2
1 3 2 1 1 0 1 3 1
3 0 2 0 0 1 2 2 3
2 1 2 0 1 3 0 2 0
2 2 0 2 1 0 2 0 2
0 1 1 1 0 0 3 2 1
2 3 2 0 2 2 4 4 4
3 0 3 3 3 1 4 4 4
0 1 1 0 2 1 4 4 4
2 3 4 4 4 1 3 1 1
0 3 4 4 4 2 2 1 3
1 0 4 4 4 2 4 4 4
1 3 1 3 3 2 4 4 4
3 1 1 0 2 2 4 4 4
2 4 4 4 2 0 2 2 0
2 4 4 4 1 2 0 0 2
2 4 4 4 3 3 1 2 2
2 0 0 3 2 3 2 3 2
0 0 2 2 1 3 2 0 0
2 4 4 4 2 2 0 3 1
2 4 4 4 2 0 2 2 3
1 4 4 4 3 3 2 3 4
6 5 1 3
26 27
3 2 0 3 3 1 3 1 3 1 0 2 1 3 0 1 3 3 3 2 0 0 2 2 2 2
0 2 0 3 0 2 3 0 3 2 1 2 2 3 3 2 0 3 2 3 2 0 0 1 0 3
0 0 1 1 2 0 3 1 3 1 1 3 1 2 1 2 3 1 0 1 1 4 4 4 4 4
3 2 2 1 0 2 3 0 2 3 3 4 4 4 4 4 2 0 3 3 0 4 4 4 4 4
3 1 1 3 3 2 1 1 4 4 4 4 4 4 4 4 2 2 1 3 1 4 4 4 4 4
0 1 3 2 0 0 4 4 4 4 4 4 4 4 4 4 1 0 2 1 3 4 4 4 4 4
1 2 0 0 1 0 4 4 4 4 4 4 4 4 4 4 2 3 2 0 2 4 4 4 4 4
0 3 1 1 2 2 4 4 4 4 4 4 4 4 4 4 3 0 2 3 2 1 3 3 4 4
0 1 3 0 3 3 4 4 4 4 4 4 4 3 0 2 1 0 0 2 3 3 2 1 4 4
1 0 2 0 3 0 4 4 4 4 4 2 3 0 0 2 1 1 2 3 2 3 0 2 1 1
2 1 1 3 0 0 3 1 2 2 3 3 0 1 2 2 3 0 3 2 0 0 0 0 1 1
2 0 0 4 4 4 4 4 3 2 0 2 1 2 2 2 0 2 1 2 0 3 3 0 3 1
2 0 2 4 4 4 4 4 4 3 2 2 2 2 1 3 1 2 2 0 1 2 0 0 2 1
2 1 2 4 4 4 4 4 4 2 0 0 1 2 2 3 1 1 2 1 2 3 3 0 3 2
0 3 2 4 4 4 4 4 4 3 3 0 0 2 3 0 0 2 1 2 3 3 0 2 2 3
0 0 3 4 4 4 4 4 4 2 1 3 3 3 1 2 1 0 1 0 2 1 0 3 0 2
1 1 2 0 4 4 4 4 4 2 1 3 0 2 0 2 1 3 2 2 1 3 3 0 3 0
2 1 2 2 4 4 4 4 4 3 0 2 1 3 2 2 1 3 1 1 2 1 0 0 3 1
1 3 3 2 4 4 4 4 4 0 2 2 0 1 1 2 0 2 1 2 3 0 2 2 1 1
3 1 1 0 4 4 4 4 4 2 1 2 1 3 2 2 3 1 1 2 3 3 3 3 2 3
2 1 2 3 3 2 3 2 0 0 1 3 2 3 1 0 0 0 2 2 3 3 0 0 1 0
3 1 2 0 2 0 3 2 2 0 3 1 1 3 0 0 0 1 3 3 0 1 3 1 1 2
2 1 0 1 3 1 0 3 2 1 0 3 1 0 3 0 2 0 0 0 1 3 1 4 4 4
1 0 1 1 3 3 2 3 0 3 2 0 3 2 0 0 2 1 3 2 0 1 2 4 4 4
0 3 3 3 0 2 2 1 1 3 0 0 3 0 3 0 1 3 0 0 1 0 2 4 4 4
2 1 2 3 2 3 0 2 0 1 3 2 3 1 3 3 0 2 3 0 1 1 0 4 4 4
1 0 1 0 3 0 2 0 2 1 2 3 0 0 1 3 3 2 0 3 2 1 2 4 4 4
4 8 1 8
26 27
3 3 0 2 0 1 2 2 1 1 1 1 1 0 1 1 0 1 2 3 2 0 2 1 2 2
0 1 1 0 3 3 3 2 3 1 2 0 1 2 3 1 0 1 3 2 3 1 2 2 1 0
2 2 1 2 2 0 3 3 2 0 2 0 0 1 2 1 1 3 1 1 2 4 4 4 4 4
3 3 0 2 3 0 0 2 2 0 2 4 4 4 4 4 2 3 1 1 0 4 4 4 4 4
0 2 2 2 2 0 3 1 4 4 4 4 4 4 4 4 3 1 3 0 1 4 4 4 4 4
0 0 3 0 3 3 4 4 4 4 4 4 4 4 4 4 3 0 0 2 2 4 4 4 4 4
3 0 3 2 3 3 4 4 4 4 4 4 4 4 4 4 0 3 2 0 0 4 4 4 4 4
1 2 1 2 2 2 4 4 4 4 4 4 4 4 4 4 1 1 0 3 2 3 2 1 4 4
2 2 3 1 0 0 4 4 4 4 4 4 4 2 1 1 2 2 0 3 3 3 3 3 4 4
2 2 3 1 3 1 4 4 4 4 4 1 2 1 2 3 4 4 4 4 4 2 1 2 3 0
2 0 3 0 1 0 2 3 1 0 2 3 3 1 2 3 4 4 4 4 4 1 1 2 3 1
2 0 1 4 4 4 4 4 2 0 1 1 3 2 3 3 4 4 4 4 4 1 3 3 2 0
1 3 1 4 4 4 4 4 4 0 0 3 3 1 1 0 4 4 4 4 4 1 0 2 2 3
1 1 0 4 4 4 4 4 4 2 0 3 0 1 3 2 4 4 4 4 4 0 2 3 0 3
3 3 1 4 4 4 4 4 4 2 1 1 1 1 0 2 0 1 0 1 0 2 1 0 1 2
3 3 1 4 4 4 4 4 4 2 2 3 3 2 0 1 2 1 2 2 0 1 3 1 0 3
2 2 1 1 4 4 4 4 4 2 3 1 2 3 3 3 3 1 2 1 2 2 1 3 2 1
3 1 1 0 4 4 4 4 4 3 0 3 2 0 0 3 2 2 1 0 1 2 1 3 0 3
2 1 2 2 4 4 4 4 4 1 2 1 2 1 0 1 1 3 0 2 3 0 2 2 2 0
0 1 2 0 4 4 4 4 4 0 3 0 2 1 2 1 3 2 2 2 0 3 2 1 1 0
3 1 1 1 0 0 3 1 0 1 0 3 2 3 1 3 0 2 0 1 2 3 0 0 2 1
3 3 2 3 0 0 0 0 2 3 2 1 2 3 2 0 0 3 1 2 3 1 3 3 3 0
0 3 0 2 1 1 2 3 1 2 0 2 3 1 0 3 3 3 2 1 1 3 3 4 4 4
0 2 1 3 0 2 0 3 2 2 0 1 1 0 3 3 3 2 2 1 0 0 0 4 4 4
0 0 1 2 2 0 2 0 3 2 0 2 2 1 3 1 2 3 0 1 3 2 0 4 4 4
1 0 1 3 2 3 0 0 1 2 1 2 0 0 0 0 1 2 3 1 1 1 3 4 4 4
2 1 4 4 4 4 4 1 0 2 1 1 3 0 1 0 1 2 1 0 2 0 0 4 4 4
8 1 4 2
27 27
3 3 1 3 2 4 4 4 4 3 3 0 3 1 0 3 2 0 3 1 1 0 0 0 3 2 1
1 2 0 3 3 4 4 4 4 1 0 0 3 3 0 3 1 3 2 3 3 0 0 0 2 1 4
2 3 1 1 3 4 4 4 4 3 3 1 3 0 0 0 1 2 4 4 4 4 2 0 1 2 4
3 0 2 4 4 4 4 4 4 1 0 2 1 0 1 0 0 0 4 4 4 4 1 2 0 1 4
2 3 1 4 4 4 4 0 2 3 1 0 3 2 0 2 2 1 4 4 4 4 3 2 0 0 4
2 4 4 4 4 4 4 3 2 3 2 2 2 0 3 3 3 2 4 4 4 4 2 0 3 3 1
1 4 4 4 4 4 4 0 1 3 0 1 2 1 1 3 2 3 1 2 0 3 2 1 3 2 0
3 4 4 4 4 1 1 0 1 1 1 1 3 1 0 3 2 1 0 0 3 1 3 1 0 0 0
1 4 4 4 4 1 0 1 1 0 0 3 3 2 1 0 2 2 1 3 3 2 2 1 2 1 2
0 0 2 0 0 0 3 3 1 0 0 3 3 3 1 3 1 2 1 2 1 2 3 1 0 3 2
0 3 1 3 2 1 0 1 2 1 3 1 0 3 3 2 3 0 1 0 1 1 1 2 1 1 3
1 3 3 3 2 0 1 3 3 0 1 0 2 3 1 3 0 2 0 3 3 1 1 1 0 0 2
1 1 2 1 1 0 0 2 3 0 0 1 0 3 2 2 1 2 0 4 4 4 4 2 3 3 2
1 0 1 0 1 2 2 3 3 3 2 0 2 1 1 2 2 3 3 4 4 4 4 2 0 1 3
2 1 1 3 0 1 0 0 3 3 0 3 2 1 2 1 1 2 3 4 4 4 4 2 2 3 2
3 0 3 3 3 2 1 4 4 4 4 2 0 0 3 2 3 3 0 4 4 4 4 0 0 3 3
3 3 3 1 1 3 0 4 4 4 4 2 3 2 2 2 3 1 0 3 3 1 1 2 2 1 0
1 3 3 2 1 2 2 4 4 4 4 2 0 0 1 1 0 3 2 4 4 4 4 2 3 3 1
0 0 2 0 1 3 2 4 4 4 4 1 1 2 2 0 1 3 2 4 4 4 4 0 3 1 2
2 1 1 1 1 2 0 3 1 3 0 2 1 1 3 0 0 1 2 4 4 4 4 2 1 3 2
1 1 1 4 4 4 4 1 3 3 0 2 1 3 3 1 0 2 0 4 4 4 4 2 2 2 2
0 2 1 4 4 4 4 3 0 0 0 0 1 0 3 3 0 2 2 1 0 0 3 3 3 2 2
0 3 2 4 4 4 4 1 0 1 2 0 3 0 1 0 2 0 3 2 1 3 3 2 0 3 0
1 0 2 4 4 4 4 0 3 3 3 0 1 2 0 3 0 1 1 1 1 1 1 1 3 0 3
3 3 0 2 4 4 4 4 1 3 2 1 2 0 2 3 2 0 3 3 2 1 2 1 2 3 3
3 3 3 2 4 4 4 4 3 2 3 0 3 2 0 3 1 3 3 2 1 2 1 3 0 0 2
1 2 1 2 4 4 4 4 2 1 1 2 2 2 2 2 0 1 0 4 4 4 4 2 1 2 4
8 5 8 8
29 26
1 1 2 1 3 0 1 2 2 2 3 3 3 3 0 2 1 0 0 2 0 3 1 3 0 1 3 1 2
1 2 3 1 0 0 3 3 2 3 1 0 2 3 1 1 2 2 2 0 3 3 0 1 2 3 3 1 3
2 1 0 1 0 3 2 0 3 3 2 3 2 2 2 2 2 2 1 1 1 3 1 0 4 4 4 4 4
2 2 3 1 0 1 3 2 3 0 2 2 4 4 4 4 4 4 1 1 2 3 0 2 4 4 4 4 4
2 0 3 1 0 0 1 0 1 4 4 4 4 4 4 4 4 4 3 3 0 2 2 1 4 4 4 4 4
1 2 2 3 0 1 2 4 4 4 4 4 4 4 4 4 4 4 3 2 2 0 2 2 4 4 4 4 4
0 3 1 1 2 0 0 4 4 4 4 4 4 4 4 4 4 4 3 3 1 2 0 0 4 4 4 4 4
2 0 2 3 3 3 2 4 4 4 4 4 4 4 4 4 4 4 0 0 1 0 3 1 4 4 4 4 4
1 0 3 3 3 2 3 4 4 4 4 4 4 4 4 4 4 4 0 3 3 0 0 1 0 2 3 4 4
0 1 1 2 1 0 1 4 4 4 4 4 4 4 4 0 2 3 1 2 0 3 3 0 1 3 1 1 0
2 3 0 4 4 4 4 4 4 4 4 4 4 3 3 3 2 0 3 0 2 0 3 1 0 0 0 3 2
0 2 2 4 4 4 4 4 4 4 4 3 0 0 3 0 3 3 2 3 3 2 3 0 1 1 2 2 2
3 3 0 4 4 4 4 4 4 4 4 3 0 1 2 2 1 3 2 1 2 2 3 2 3 0 2 3 0
3 0 0 4 4 4 4 4 4 4 4 2 2 1 3 0 3 2 2 0 2 0 0 2 1 3 2 2 0
3 2 1 4 4 4 4 4 4 4 4 3 3 2 3 2 0 0 2 0 2 3 1 3 3 3 0 3 1
1 3 0 4 4 4 4 4 4 4 4 1 3 2 2 2 1 1 1 2 0 2 0 0 3 0 2 0 2
1 3 0 4 4 4 4 4 4 4 4 0 2 3 0 3 3 2 2 1 3 1 3 3 1 3 1 1 1
1 2 2 0 2 1 2 3 0 2 0 0 2 0 0 3 0 3 3 2 3 2 3 3 1 1 0 1 2
0 2 2 1 3 2 2 3 3 2 0 0 1 0 1 2 2 0 3 2 0 2 1 0 2 2 2 3 3
3 0 2 3 3 0 0 2 0 0 3 0 2 0 2 2 0 3 0 1 3 0 1 2 1 2 3 0 3
0 0 3 2 3 2 2 0 2 0 1 1 1 2 0 2 3 3 1 0 3 3 0 0 0 3 3 3 0
2 3 3 1 0 1 3 2 2 1 1 0 1 2 0 1 3 3 1 3 2 2 0 1 1 4 4 4 4
3 1 2 0 0 0 2 3 1 0 1 0 1 0 0 0 0 3 0 0 3 3 3 2 3 4 4 4 4
2 1 1 0 1 3 3 2 3 1 2 3 3 3 1 0 2 2 0 1 0 3 2 0 1 4 4 4 4
0 1 3 1 3 1 3 2 0 0 2 0 0 1 0 1 0 3 3 0 1 2 0 2 3 4 4 4 4
0 1 0 3 1 3 0 2 1 2 2 3 3 0 2 3 3 3 1 2 1 3 3 3 3 4 4 4 4
7 7 8 3
4 7
4 0 4 0
3 0 1 3
3 2 4 1
4 1 1 0
4 1 4 4
0 0 3 1
3 4 4 4
6 3 2 7
29 26
0 1 0 4 0 4 1 2 0 3 2 0 4 1 3 4 3 1 0 1 1 0 2 2 0 1 3 3 1
2 2 3 2 0 3 2 2 1 2 1 3 1 0 2 3 1 1 0 1 4 2 0 1 1 0 0 2 0
2 0 3 1 3 4 0 3 0 3 4 3 0 0 2 2 2 3 2 1 1 1 0 3 2 0 2 1 2
2 2 3 1 0 3 3 2 1 3 0 1 3 1 3 3 2 2 3 3 2 1 3 3 1 1 0 4 2
3 4 1 3 3 1 4 2 1 0 2 0 1 2 2 1 2 4 3 3 0 0 3 0 2 4 1 1 2
0 4 0 3 2 0 2 4 2 3 1 1 2 3 1 3 0 0 0 0 2 3 4 1 0 0 1 2 2
2 2 2 1 2 2 2 1 2 3 0 2 1 0 2 3 3 0 1 0 3 2 4 1 2 1 3 4 0
1 1 3 2 2 2 2 3 3 3 4 4 2 2 0 2 1 1 3 4 4 1 2 1 2 2 3 3 2
2 4 2 2 3 2 2 1 4 1 0 1 0 1 3 2 0 4 0 1 2 0 2 2 1 0 3 1 3
0 1 3 0 4 1 3 1 1 4 0 1 0 2 3 0 3 3 3 2 0 3 2 3 3 1 0 2 0
2 0 2 0 1 3 0 2 3 2 3 1 1 3 1 1 2 2 1 1 0 1 2 1 1 4 1 2 1
0 2 1 1 2 1 4 1 0 2 1 1 0 2 3 3 2 0 3 3 3 2 0 1 2 3 2 1 0
0 0 4 0 2 1 0 0 3 1 1 0 3 2 1 0 1 2 2 1 2 0 2 1 2 2 1 1 1
0 1 3 0 1 2 3 4 0 2 2 2 2 1 1 4 0 0 0 4 2 2 3 3 2 4 2 4 1
0 4 1 2 1 0 3 2 1 2 0 1 0 1 1 1 1 0 3 2 0 2 1 2 0 2 3 1 3
1 1 4 2 3 4 3 1 0 2 1 0 0 3 2 0 1 0 1 4 1 0 4 1 3 0 2 1 1
0 4 2 2 4 1 1 0 2 3 0 0 2 2 2 0 2 0 2 0 0 3 2 0 3 3 3 4 1
1 1 0 2 1 2 1 0 3 2 0 2 1 1 0 4 4 2 2 2 2 2 4 3 1 0 3 1 1
0 4 1 1 0 1 3 0 2 2 2 1 2 3 4 4 3 0 1 2 0 4 1 1 1 3 3 0 3
1 3 1 0 3 0 3 0 4 4 1 0 1 0 3 1 2 2 2 3 3 2 3 2 2 2 2 2 2
2 0 4 1 2 1 3 3 2 2 3 3 2 3 3 1 3 2 1 4 3 0 3 3 3 1 3 2 3
3 0 1 2 3 0 0 1 2 0 2 4 1 1 0 0 2 3 1 4 2 1 0 3 3 2 0 2 2
2 3 4 2 2 0 3 1 3 3 1 3 0 0 1 1 0 0 1 1 2 0 1 1 0 0 1 2 3
1 3 2 1 2 2 1 3 0 2 0 0 1 0 2 3 2 2 2 2 2 2 0 3 3 0 0 3 1
1 1 3 3 3 2 3 3 4 4 3 1 2 1 3 1 1 2 2 2 2 0 2 2 4 3 3 2 0
4 2 2 0 3 2 3 1 0 2 1 0 0 3 3 2 3 3 3 1 1 3 0 1 2 2 4 3 4
3 5 8 5
2 8
4 1
4 2
0 4
1 0
4 4
1 3
1 3
4 4
3 7 3 7
28 28
1 1 1 1 1 1 1 1 1 1 1 1 1 1 1 1 1 1 1 1 1 1 1 1 1 1 1 1
2 2 2 2 2 2 2 2 2 2 2 2 2 2 2 2 2 2 2 2 2 2 2 2 1 1 3 0
3 1 1 1 1 1 1 1 1 1 1 1 1 1 1 1 1 1 1 1 1 1 1 1 1 3 0 0
3 1 1 1 1 1 1 1 1 1 1 1 1 1 1 1 1 1 1 1 1 1 1 1 3 0 0 0
2 2 2 2 2 2 2 2 2 2 2 2 2 2 2 2 2 2 1 0 0 3 2 3 3 3 2 1
3 1 1 1 1 1 1 1 1 1 1 1 1 1 1 1 1 1 1 0 0 3 2 3 0 1 2 1
3 1 1 1 1 1 1 1 1 1 1 1 1 1 0 1 1 1 1 1 3 3 2 3 0 1 2 1
2 2 2 2 2 2 2 2 2 2 2 2 2 1 0 1 2 2 2 2 3 3 2 3 0 1 2 1
3 1 1 1 1 1 1 1 1 1 1 1 1 1 0 1 1 1 1 1 3 3 2 3 0 1 2 1
3 1 1 1 1 1 1 1 1 1 1 1 1 1 0 1 1 1 1 1 3 3 2 3 0 1 2 1
2 2 2 2 2 2 2 2 2 2 2 2 2 1 0 1 2 2 2 2 3 3 2 3 0 1 2 1
3 1 1 1 1 1 1 1 1 1 1 1 1 1 0 1 1 1 1 1 3 3 2 3 0 1 2 1
3 1 1 1 1 1 1 1 1 1 1 1 1 1 0 1 1 1 1 1 3 3 2 3 0 1 2 1
2 2 2 2 2 2 2 2 2 2 2 2 2 1 0 1 2 2 2 2 3 3 2 3 0 1 2 1
3 1 1 1 1 1 1 1 1 1 1 1 1 1 0 1 1 1 1 1 3 3 2 3 0 1 2 1
3 1 1 1 1 1 1 1 1 1 1 1 1 0 0 1 1 1 1 1 3 3 2 3 0 1 2 1
2 2 2 2 2 2 2 2 2 2 2 2 1 0 0 1 2 2 2 2 3 3 2 3 0 1 2 1
3 1 1 1 1 1 1 1 1 1 1 1 1 0 0 1 1 1 1 1 3 3 2 3 0 1 2 1
0 1 1 1 1 1 1 1 1 1 1 0 0 0 0 0 0 0 0 0 3 3 2 3 0 1 2 1
0 1 2 1 1 2 1 1 2 1 1 3 3 3 3 3 3 3 3 3 3 3 2 3 0 1 2 1
0 1 2 1 1 2 1 1 2 1 2 2 2 2 2 2 2 2 2 2 3 3 2 3 0 1 2 1
0 1 2 1 1 2 1 1 2 1 1 3 3 3 3 3 3 3 3 3 3 3 3 3 0 1 2 1
0 1 2 1 1 2 1 1 2 1 1 3 3 3 3 3 3 3 3 3 3 3 3 3 1 1 1 1
0 1 2 1 1 2 1 1 2 1 2 2 2 2 2 2 2 2 2 2 3 3 3 1 1 0 0 1
0 1 2 3 3 3 3 3 3 3 3 3 3 3 3 3 3 3 3 3 3 3 1 1 3 0 0 1
0 1 3 3 3 3 3 3 3 3 3 3 3 3 3 3 3 3 3 3 3 3 2 3 3 2 2 2
0 2 2 2 2 2 2 2 2 2 2 2 2 2 2 2 2 2 2 2 3 3 2 3 3 3 3 1
3 3 3 3 3 3 3 3 3 3 3 3 3 3 3 3 3 3 3 3 3 3 3 3 0 0 4 4
3 9 2 8
28 30
1 1 1 1 1 1 1 1 0 0 1 1 0 0 1 1 1 1 1 1 1 1 1 1 0 0 0 1
0 0 0 0 0 0 0 0 3 0 1 0 3 0 1 0 0 0 0 0 0 0 0 0 3 0 0 1
0 0 3 3 0 0 3 3 0 1 1 0 0 1 1 0 3 3 0 0 3 3 0 0 0 1 0 1
0 0 0 0 0 0 0 0 0 0 0 0 0 0 0 0 0 0 0 0 0 0 0 0 0 0 3 1
3 3 0 0 3 3 0 0 3 3 3 3 3 3 3 3 0 0 3 3 0 0 3 3 3 3 3 1
3 0 0 3 0 3 0 3 0 0 0 3 3 0 0 0 0 0 3 3 0 0 0 3 0 0 0 1
3 1 0 1 3 0 0 1 3 0 0 0 1 3 0 0 0 0 0 1 3 0 0 3 1 0 0 0
3 1 0 0 1 1 0 0 1 0 0 1 0 1 0 0 0 0 1 0 1 0 0 0 1 0 0 0
3 0 0 0 1 1 1 1 1 1 1 1 1 1 0 0 1 1 0 0 1 1 1 1 0 0 0 1
3 0 0 0 1 0 0 0 0 0 0 0 0 0 3 0 1 0 3 0 1 0 0 0 3 0 0 1
0 1 1 1 1 0 0 0 3 3 3 3 0 0 0 1 1 0 0 1 1 0 3 3 3 1 0 0
0 0 0 0 0 0 0 0 0 0 3 0 1 0 0 0 0 0 3 3 3 3 0 0 3 1 0 0
3 3 3 3 0 0 3 3 0 0 0 1 1 0 3 3 0 0 0 0 0 0 0 0 0 1 0 1
3 0 0 0 1 0 0 0 0 0 0 0 0 0 3 0 1 1 3 0 0 0 0 0 0 0 3 1
3 1 0 0 0 0 0 0 0 0 3 3 0 0 3 0 1 0 1 0 0 0 0 3 3 3 3 1
3 1 0 0 0 0 0 0 0 0 3 0 1 0 3 0 1 1 0 0 1 1 1 0 3 0 0 1
0 1 0 0 1 0 0 0 0 0 3 0 1 0 3 0 1 0 3 0 1 0 0 0 3 1 0 0
0 0 3 0 1 1 3 0 0 0 3 0 1 0 3 0 1 0 0 1 1 0 3 3 3 1 0 0
0 0 0 1 1 0 1 3 0 0 0 1 1 0 0 1 1 0 3 3 3 3 0 0 0 1 0 1
0 0 0 0 0 0 0 1 0 3 0 0 0 0 0 0 0 1 0 0 0 0 0 3 0 0 3 1
3 3 3 3 3 0 0 0 0 3 3 3 3 3 3 3 0 1 1 1 1 1 1 0 3 3 3 1
3 0 0 3 0 0 0 0 0 3 3 0 0 0 3 0 1 0 0 0 0 0 0 0 3 0 0 1
3 1 0 1 3 0 0 0 0 0 1 3 0 0 3 1 0 0 0 0 0 0 3 3 3 0 0 1
3 1 0 0 1 0 0 0 0 1 0 1 0 0 0 1 0 0 3 3 3 3 0 0 3 0 0 1
0 1 1 1 1 1 0 0 0 0 1 1 1 1 1 1 1 0 0 0 0 0 0 0 0 1 0 1
0 0 0 0 0 0 3 0 0 0 1 0 0 0 0 0 0 1 3 0 0 0 0 0 0 0 3 1
0 0 0 0 3 3 0 1 0 0 1 0 3 3 3 3 0 0 1 3 0 0 0 0 3 3 3 1
0 0 0 0 0 0 0 0 3 0 1 0 0 0 3 0 1 0 0 1 0 0 0 3 3 0 0 1
0 0 3 3 0 0 0 0 0 1 1 1 0 3 0 1 1 1 0 0 0 0 0 3 0 1 1 0
3 3 0 0 0 0 3 3 3 3 3 0 0 3 3 3 3 3 0 0 0 0 0 0 3 3 3 4
6 7 8 7
26 30
0 0 2 4 2 1 2 2 2 3 1 2 1 1 0 3 2 2 1 2 4 0 0 3 1 3
1 2 0 1 3 1 3 3 3 3 3 1 1 2 1 0 1 3 2 2 1 4 1 2 0 2
1 1 1 3 0 1 2 0 3 2 0 0 4 3 2 2 2 0 3 2 3 1 3 0 0 4
2 1 0 0 0 0 4 0 3 2 0 1 2 0 4 3 1 2 0 3 2 0 1 2 1 0
2 0 0 0 2 2 0 4 3 1 3 0 0 2 3 0 0 2 0 1 4 3 0 0 3 3
0 0 1 3 2 2 1 2 3 0 0 4 3 0 3 3 3 1 0 3 2 2 0 1 3 4
3 2 4 3 2 3 2 4 1 0 3 0 0 4 0 1 2 3 1 3 0 4 3 1 3 3
0 4 1 0 0 1 2 0 2 3 0 0 2 1 1 3 0 1 1 2 1 1 1 0 0 0
2 1 2 1 4 0 0 3 2 3 4 2 3 1 2 1 2 3 1 2 4 3 3 2 0 0
3 1 3 3 0 1 1 2 3 4 3 0 3 0 4 0 1 2 2 2 4 2 4 3 3 4
4 0 4 4 0 3 4 0 2 1 1 2 1 1 4 0 2 3 2 2 2 0 1 4 1 3
2 0 3 3 0 0 0 1 1 3 1 4 2 0 0 1 4 0 1 2 0 2 1 1 3 1
2 2 3 1 4 2 1 1 2 3 0 1 3 1 4 3 1 3 3 1 0 1 3 1 3 4
0 3 1 3 0 4 1 2 3 2 4 3 2 1 3 2 3 3 1 0 2 1 1 3 1 0
4 4 2 3 1 1 3 2 4 0 4 3 0 0 4 0 4 1 0 0 0 2 1 1 2 2
2 1 4 3 2 2 4 3 1 1 1 4 2 2 4 1 2 2 1 3 2 4 0 2 0 2
4 3 2 2 1 0 4 1 0 2 0 2 3 2 2 0 1 2 1 1 0 1 2 2 4 3
1 3 0 3 1 2 4 4 2 3 1 1 0 2 3 0 4 0 0 0 2 3 3 3 3 1
3 3 3 0 0 0 4 3 3 0 2 3 1 4 3 4 1 1 3 1 3 0 2 1 1 1
3 0 2 4 1 2 0 1 2 1 1 1 1 1 0 1 2 0 3 4 0 2 0 3 1 1
0 4 2 3 4 4 0 3 1 0 1 0 2 0 1 0 1 2 0 2 0 3 0 1 4 2
3 1 3 1 4 3 0 2 2 0 0 4 1 3 3 3 2 2 2 2 2 4 0 0 1 0
1 0 3 3 3 0 0 2 0 0 0 1 2 2 2 0 1 4 0 0 3 1 1 1 0 2
0 1 1 2 4 3 0 2 1 0 2 2 4 2 1 1 1 2 2 2 2 1 4 2 3 2
0 2 3 1 1 0 3 2 1 0 1 0 2 0 3 3 0 1 0 0 2 1 2 4 2 2
2 4 4 0 3 3 4 2 2 0 2 0 2 4 0 4 2 4 3 1 2 0 2 0 2 3
0 4 4 0 4 2 2 4 0 2 1 2 4 2 3 1 3 0 3 3 2 3 1 3 0 0
3 0 3 0 3 3 0 4 3 3 2 3 0 3 0 4 0 0 1 4 2 0 0 2 1 0
4 1 4 1 3 4 0 0 3 0 0 1 0 2 2 1 3 2 1 2 3 3 3 1 1 1
0 1 0 0 4 3 4 0 2 3 3 2 0 2 1 2 3 1 0 3 3 2 0 3 0 4
5 2 2 7
28 26
0 0 1 0 3 0 1 3 3 0 2 3 3 0 1 4 0 2 2 1 0 0 1 0 1 0 0 2
1 1 3 0 3 3 2 0 0 3 2 3 1 2 2 3 2 0 0 2 1 0 1 1 1 2 3 2
2 3 0 0 3 2 2 1 1 1 0 2 3 2 3 3 2 0 3 2 1 3 3 0 3 2 0 3
2 3 2 3 3 3 1 2 3 3 1 0 1 1 3 3 0 0 2 3 2 3 2 0 0 1 0 2
3 1 2 1 1 2 3 1 2 3 0 3 3 2 1 2 3 3 2 2 3 2 3 3 3 2 3 2
3 4 2 2 2 2 3 0 1 1 0 2 2 2 0 0 1 1 3 1 1 0 1 3 2 0 1 3
1 2 1 0 0 1 2 1 0 0 3 1 1 1 2 2 3 1 2 1 1 2 0 0 3 3 2 0
4 2 0 2 2 0 2 3 1 0 3 1 1 2 1 1 3 3 3 1 1 3 3 3 1 0 0 1
2 2 3 1 1 0 1 2 2 1 3 1 1 0 0 0 3 3 3 2 1 0 3 0 0 4 1 1
1 1 1 3 0 0 0 3 1 0 3 3 1 1 2 3 0 2 0 3 2 2 0 3 3 0 3 0
2 3 1 0 2 3 3 1 2 1 0 1 3 3 2 3 1 2 2 3 2 2 0 0 1 0 1 2
3 1 3 3 2 1 2 4 0 1 1 3 3 2 0 3 3 3 1 2 3 2 2 1 0 1 0 2
3 1 3 0 0 2 2 1 3 2 2 0 1 1 0 0 3 2 0 2 2 0 0 1 3 1 2 3
3 0 3 0 0 0 3 2 1 3 3 3 0 2 2 1 0 1 3 1 4 1 3 3 2 0 0 0
2 3 0 0 2 3 2 2 1 2 4 1 4 0 1 3 3 1 2 2 1 2 3 3 2 1 1 0
2 1 0 3 3 3 2 0 2 1 3 3 1 0 2 1 2 0 2 2 4 2 0 3 2 1 0 1
2 2 2 1 0 1 1 3 2 3 2 0 2 1 1 0 0 4 2 3 3 1 1 0 2 2 2 0
3 0 0 2 2 2 1 3 1 3 1 0 0 0 1 0 0 0 1 3 0 0 2 2 3 2 1 1
1 2 0 0 2 2 1 3 0 2 2 4 3 3 3 1 2 2 0 2 0 1 0 0 3 1 3 2
2 0 1 1 4 4 1 2 3 2 1 0 3 3 2 0 2 2 3 2 1 0 0 3 3 1 1 3
0 1 2 1 0 0 2 0 2 1 1 0 2 1 3 2 2 2 1 0 0 0 4 1 2 3 2 1
3 1 0 2 1 2 2 3 0 3 2 4 1 3 0 0 2 3 3 3 2 0 1 3 0 0 2 0
1 2 3 3 4 0 1 1 0 0 3 0 3 3 2 0 3 2 2 3 1 1 0 2 3 3 1 3
3 2 2 0 1 2 3 2 1 3 3 2 2 3 1 1 2 3 2 0 0 2 2 3 3 3 3 2
3 3 0 2 3 2 0 1 3 2 3 3 0 1 2 3 3 1 1 0 2 1 2 1 2 3 1 3
3 2 1 0 3 3 0 3 0 1 0 3 1 1 1 1 3 0 1 0 0 0 3 2 0 2 0 4
7 8 4 6
30 27
2 3 0 0 3 2 4 4 4 4 4 0 1 1 0 1 2 1 1 3 3 2 3 3 1 2 0 0 2 2
2 0 0 1 3 1 4 4 4 4 4 2 1 2 0 3 3 1 0 3 3 1 1 0 1 3 0 3 1 4
2 1 1 3 0 0 4 4 4 4 4 1 0 0 3 0 0 3 3 0 4 4 4 4 4 3 3 2 2 4
3 1 3 2 4 4 4 4 4 4 4 1 0 0 3 3 3 3 0 1 4 4 4 4 4 3 3 0 3 4
1 0 0 3 4 4 4 4 4 4 4 3 1 0 2 1 0 1 1 3 4 4 4 4 4 0 3 2 0 4
1 1 4 4 4 4 4 4 4 3 0 1 3 0 0 2 1 0 1 3 4 4 4 4 4 2 2 0 3 4
0 1 4 4 4 4 4 4 4 3 1 2 3 2 3 3 1 3 2 3 4 4 4 4 4 2 1 1 3 3
2 0 4 4 4 4 4 4 4 3 1 1 3 1 3 1 3 0 3 0 3 0 0 2 2 1 3 3 1 2
3 3 4 4 4 4 4 3 3 3 3 3 2 0 1 3 2 1 3 1 3 4 4 4 4 4 0 1 0 2
3 0 4 4 4 4 4 0 2 2 2 0 2 3 2 1 3 0 1 0 3 4 4 4 4 4 3 2 0 3
1 2 3 0 2 0 2 0 3 3 2 3 2 3 2 2 1 2 3 0 0 4 4 4 4 4 1 0 0 0
1 2 3 2 0 1 2 2 3 2 1 2 0 2 3 1 2 0 2 2 0 4 4 4 4 4 0 0 0 1
0 1 3 1 1 0 2 0 3 0 3 0 1 1 3 2 3 2 3 3 0 4 4 4 4 4 4 3 3 3
3 2 2 2 3 2 1 3 2 2 1 3 0 2 2 3 3 1 0 1 2 2 4 4 4 4 4 3 0 0
3 1 3 0 0 2 0 1 2 1 3 0 0 3 0 1 1 0 3 1 3 0 4 4 4 4 4 2 3 2
0 1 1 2 0 2 1 3 4 4 4 4 4 2 0 3 0 2 1 3 1 3 4 4 4 4 4 2 3 1
0 0 2 3 3 1 0 2 4 4 4 4 4 2 3 2 1 2 3 1 1 2 4 4 4 4 4 1 1 2
2 1 2 3 2 0 3 2 4 4 4 4 4 3 0 1 1 1 1 3 1 4 4 4 4 4 3 3 1 0
1 3 2 3 2 0 1 3 4 4 4 4 4 2 2 3 1 3 3 3 3 4 4 4 4 4 3 1 3 2
3 0 0 2 2 3 0 0 4 4 4 4 4 0 2 2 0 3 2 1 3 4 4 4 4 4 3 2 1 2
0 1 3 4 4 4 4 4 0 1 3 2 3 0 1 3 3 1 1 2 2 4 4 4 4 4 2 3 1 3
3 3 0 4 4 4 4 4 2 0 2 1 3 3 3 3 0 2 0 2 1 4 4 4 4 4 0 0 3 1
2 1 1 4 4 4 4 4 1 3 0 3 3 1 1 0 1 3 0 1 0 1 2 1 0 2 0 1 3 2
3 1 0 4 4 4 4 4 0 3 2 1 2 2 1 2 0 3 2 0 0 0 3 2 0 3 0 1 2 2
1 3 2 4 4 4 4 4 4 4 3 0 0 1 0 2 0 0 1 1 3 3 1 1 3 3 0 0 0 0
0 3 0 2 3 4 4 4 4 4 2 2 3 3 0 2 0 1 0 2 1 0 0 1 1 2 2 2 3 2
1 2 1 2 1 4 4 4 4 4 1 1 1 3 1 3 0 0 2 3 0 4 4 4 4 4 1 1 2 4
3 4 6 5
2 2
3 2
2 4
9 6 8 6
8 27
2 4 4 0 1 2 2 0
3 4 4 0 2 2 3 4
3 2 0 2 3 4 4 4
3 2 3 1 2 4 4 0
0 2 2 0 0 3 1 3
4 4 3 1 2 2 1 0
4 4 0 2 3 2 3 1
2 0 0 0 2 0 0 2
2 2 1 0 3 3 3 2
1 1 2 1 2 1 2 1
2 2 3 1 1 3 2 1
3 1 0 3 0 3 2 1
1 2 2 1 2 4 4 0
3 1 2 3 1 4 4 3
0 3 2 1 3 2 2 1
2 2 4 4 1 3 2 1
2 0 4 4 2 0 3 2
3 2 2 3 0 4 4 3
3 3 0 3 1 4 4 1
3 2 2 2 2 3 3 1
4 4 1 1 0 2 0 2
4 4 3 3 0 0 1 2
3 0 2 0 0 1 0 3
2 2 3 1 2 0 0 1
1 4 4 2 3 3 0 3
0 4 4 1 0 1 3 3
2 2 2 3 0 2 2 4
1 1 9 7
29 28
4 0 2 4 4 1 2 3 2 3 0 4 4 1 1 4 3 4 4 3 4 0 3 1 0 1 2 0 0
2 1 3 2 0 2 0 3 1 0 3 0 2 3 0 3 3 1 4 2 0 0 1 4 1 3 0 4 3
4 0 1 3 1 3 4 0 2 4 1 0 3 3 0 1 0 3 0 4 3 1 1 3 3 0 4 2 1
0 1 0 2 0 4 3 4 2 0 1 1 2 2 0 0 4 3 1 1 2 3 2 1 4 1 0 2 1
2 4 1 0 4 4 4 3 4 1 3 4 2 2 3 2 2 2 1 2 3 0 2 2 2 4 1 0 1
0 1 2 3 3 3 3 0 1 3 4 1 0 4 2 3 2 0 4 3 3 1 1 0 4 3 0 1 2
2 1 0 4 1 2 1 3 1 4 3 3 0 1 0 4 3 2 2 0 0 0 4 0 3 3 4 1 0
2 1 0 1 0 3 0 2 1 4 3 1 2 3 1 4 4 1 1 0 0 4 4 0 3 4 3 2 0
0 1 4 3 4 0 3 1 3 3 2 4 0 0 4 3 4 2 3 1 2 1 4 0 4 3 3 4 4
0 4 4 0 3 4 2 3 2 0 2 3 1 4 1 2 0 3 3 1 0 4 4 3 2 4 2 3 3
1 2 2 0 1 0 2 4 1 2 1 0 4 3 3 3 2 1 3 0 0 0 4 3 0 1 4 0 2
1 3 2 1 1 3 0 4 2 0 3 2 4 0 3 2 1 2 4 2 1 2 1 0 4 3 0 3 1
4 1 0 1 2 1 0 1 4 1 1 0 0 3 3 1 4 4 0 2 4 4 1 0 4 2 4 0 0
1 4 2 4 0 3 3 2 0 4 1 0 3 0 3 4 3 1 3 4 4 1 3 1 4 3 2 4 0
3 2 1 1 1 4 3 0 4 4 4 2 3 1 3 2 4 3 3 0 1 2 1 1 2 3 2 4 1
0 1 0 0 1 4 0 2 2 0 0 3 0 4 4 3 2 2 2 0 2 3 0 4 2 3 3 4 1
0 0 2 0 3 3 1 2 3 4 4 1 2 3 1 1 1 4 1 4 2 3 2 1 2 1 0 4 0
1 2 0 3 4 2 0 3 3 0 0 4 2 0 0 1 1 0 1 2 4 1 3 1 2 0 4 3 4
1 3 4 4 0 3 2 2 1 2 1 0 1 2 2 1 1 1 1 3 3 3 4 1 1 3 3 0 4
3 3 4 3 3 3 4 1 0 3 0 1 0 1 3 2 4 4 0 3 1 0 2 1 0 2 3 2 2
3 0 0 0 1 3 0 2 2 4 3 2 0 2 3 1 0 2 2 3 3 4 4 0 1 3 3 1 0
0 4 3 1 4 0 0 4 3 0 0 4 2 2 3 0 2 1 3 2 3 3 0 2 2 4 0 0 1
3 0 0 4 2 4 0 3 0 4 3 3 1 4 4 2 3 1 4 1 1 2 0 1 4 4 1 4 3
4 2 0 4 2 1 1 0 1 1 4 4 2 4 1 2 4 2 0 4 2 4 4 2 3 1 1 3 3
0 1 3 2 1 1 1 1 0 1 3 2 4 4 0 3 3 1 0 4 2 4 2 0 1 4 3 2 2
1 2 0 4 2 4 3 1 4 2 3 0 1 1 1 2 2 1 0 1 2 2 4 0 4 4 1 3 1
4 3 0 2 4 4 4 0 2 0 3 0 2 3 0 0 2 2 0 3 0 0 1 2 0 3 4 0 3
3 0 3 3 4 4 2 3 3 4 2 3 1 2 3 4 4 3 4 4 4 3 2 0 0 0 0 0 4
2 6 6 3
27 30
2 2 2 4 2 4 2 3 3 2 3 2 4 2 2 4 3 2 3 3 2 2 3 3 3 2 3
3 3 2 2 3 2 3 3 3 2 2 2 3 3 3 3 3 3 3 3 3 3 4 2 2 2 2
3 2 3 3 2 2 3 2 2 4 3 2 3 2 4 3 2 3 3 2 3 2 3 2 2 2 3
2 2 3 2 3 2 3 3 3 2 3 3 4 3 3 2 3 3 3 3 2 2 3 2 2 3 3
3 2 3 3 3 2 4 3 3 4 3 2 2 2 4 3 2 2 2 2 2 3 3 2 3 4 3
3 2 3 3 3 3 4 2 2 3 2 4 2 2 2 3 3 4 3 2 2 3 3 3 3 2 3
3 3 2 3 3 4 3 3 3 2 3 3 3 3 2 2 3 3 3 3 2 2 3 2 3 3 2
2 2 3 2 2 2 3 4 2 2 2 3 4 3 3 2 3 3 3 2 2 3 2 3 4 4 3
2 3 2 2 2 3 4 4 2 3 3 3 3 3 2 3 2 4 2 3 2 2 2 2 4 3 2
3 2 2 3 3 3 4 2 2 2 2 3 3 3 3 3 3 2 2 3 2 2 4 2 3 2 2
4 2 3 2 2 3 2 2 2 2 2 2 2 3 3 3 2 2 3 2 2 2 2 3 2 3 2
2 2 3 3 3 3 3 3 2 3 3 3 2 2 3 2 3 3 4 2 2 2 3 3 2 3 3
3 4 3 2 2 3 3 3 3 2 3 3 3 3 2 2 3 2 2 2 2 2 3 2 2 3 4
3 3 2 2 2 3 3 2 2 3 3 2 3 2 2 2 2 2 3 3 3 3 2 3 3 3 3
2 3 2 3 2 2 4 3 3 3 3 2 2 2 4 2 2 3 4 3 2 2 3 3 4 2 4
3 2 4 2 3 3 3 3 2 2 3 2 2 2 2 2 2 2 3 2 3 3 2 2 3 2 2
3 3 2 2 3 4 3 3 4 3 3 3 2 2 3 2 2 2 2 2 3 3 4 3 2 4 2
3 3 3 2 3 2 4 3 3 4 3 2 3 3 2 3 3 3 2 3 3 2 3 3 3 3 3
3 2 3 2 2 4 2 2 2 2 3 2 3 2 3 3 3 3 3 3 2 3 4 4 2 2 3
2 2 4 2 3 2 2 3 2 2 4 2 3 3 2 2 2 3 3 3 2 2 3 4 4 2 2
2 3 3 4 2 3 3 3 3 2 2 2 2 3 3 2 2 2 2 4 4 2 3 2 2 3 2
3 2 2 3 3 3 3 2 3 2 3 2 2 2 2 4 3 2 2 2 3 3 3 2 3 3 2
2 3 2 3 2 4 2 3 3 3 2 2 3 2 2 2 3 2 2 3 3 2 2 2 3 3 4
2 3 3 2 2 2 3 4 3 3 3 3 3 3 2 3 3 3 2 4 3 3 2 2 3 2 3
3 3 2 3 3 2 2 2 3 3 3 2 3 3 3 3 2 2 2 3 2 2 3 3 2 3 3
3 3 3 3 3 2 2 2 3 2 3 2 3 3 2 2 3 2 3 3 3 3 3 2 3 2 2
2 2 4 4 2 2 2 2 3 3 2 2 2 3 3 2 3 3 4 3 2 3 2 4 2 3 3
3 2 3 2 2 3 3 2 2 3 2 3 2 3 3 2 3 2 2 3 2 2 4 3 2 3 3
2 2 3 2 3 3 2 3 2 3 4 2 3 2 2 3 3 3 3 3 3 3 2 3 2 3 2
2 3 2 3 3 2 3 3 3 2 2 3 3 2 3 3 3 4 3 3 3 3 2 2 3 4 4
8 7 6 6
10 29
3 0 1 2 3 1 3 0 0 3
3 3 1 3 0 3 0 1 3 0
2 2 0 3 2 1 4 1 0 4
0 2 0 3 0 1 0 0 1 0
3 3 3 3 2 2 1 0 1 0
1 0 2 2 3 2 0 1 2 1
0 2 2 1 3 1 2 0 0 1
3 1 2 3 2 2 3 2 3 2
0 3 0 2 2 0 3 2 1 2
2 3 3 1 0 1 1 0 3 3
2 1 3 2 1 0 0 2 3 1
2 2 2 0 3 0 3 3 3 1
0 1 3 1 2 2 0 0 2 1
2 2 0 0 1 0 2 4 2 2
3 0 3 2 3 2 0 2 2 2
0 3 0 2 2 1 2 3 1 0
2 1 1 1 2 3 1 0 0 2
3 3 3 3 2 3 1 3 2 2
3 3 2 0 1 1 0 2 2 0
1 0 1 3 2 2 2 1 3 2
0 0 1 3 2 0 0 3 2 3
1 4 1 2 0 1 0 2 1 1
0 2 2 1 2 2 2 0 1 1
1 2 2 2 3 3 3 2 2 2
0 3 2 1 2 2 0 2 0 3
3 0 3 3 3 2 3 0 2 1
2 4 2 2 0 0 2 0 2 0
2 0 3 0 2 1 2 1 0 3
3 1 1 3 2 0 0 3 2 4
8 9 7 9
28 26
4 0 2 4 0 4 2 2 0 2 2 0 4 0 2 4 0 2 0 0 2 0 0 2 0 2 0 2
2 0 2 2 2 2 0 2 0 0 0 2 0 0 0 0 2 0 0 0 2 4 2 2 2 0 0 0
2 2 2 2 2 4 0 4 0 2 0 0 4 2 0 2 0 0 2 2 0 2 2 4 0 0 0 0
0 2 2 2 0 2 0 2 2 4 2 0 0 2 0 2 2 2 0 2 0 2 2 0 0 2 0 4
4 2 4 0 2 4 0 2 0 2 4 2 2 2 0 2 2 0 0 2 0 4 2 2 0 0 2 0
2 4 2 2 2 0 4 2 2 2 0 0 4 2 2 2 0 0 2 0 0 4 2 0 0 2 2 4
2 0 0 2 0 0 2 0 0 0 2 2 0 0 2 2 2 2 0 4 2 2 0 0 0 0 0 2
4 2 0 4 0 4 2 2 0 0 0 2 2 0 2 2 0 4 4 2 2 2 0 0 2 0 4 4
0 2 0 0 2 2 2 0 0 4 2 2 2 4 2 2 4 0 0 2 0 0 2 4 2 4 0 0
2 0 0 2 0 2 4 2 2 2 2 0 2 4 2 0 2 2 4 0 0 0 0 0 2 0 2 2
0 0 0 2 0 0 0 0 0 0 0 0 4 0 0 4 2 2 2 4 0 0 2 2 0 0 0 0
2 0 0 2 0 0 2 4 4 0 2 2 2 2 2 0 2 4 2 0 0 2 0 0 0 0 0 2
0 0 0 2 2 2 2 0 2 2 2 2 2 0 4 0 4 0 2 2 2 2 2 2 2 2 2 2
2 2 0 0 0 2 0 0 2 2 0 4 2 2 0 0 0 0 0 2 4 0 0 2 0 2 2 0
4 0 2 2 4 0 0 0 2 0 4 0 4 2 4 4 2 2 2 2 2 2 2 2 2 0 0 4
0 0 2 0 2 2 2 0 2 2 2 2 0 0 2 0 0 4 2 2 4 2 2 0 0 2 0 2
2 0 0 2 2 2 4 2 2 4 2 2 0 0 2 2 2 4 2 2 4 2 0 2 0 0 2 4
2 2 0 2 2 0 0 0 0 0 0 2 2 2 2 4 2 0 2 0 2 2 2 0 0 0 0 2
0 2 0 0 4 4 2 0 2 2 0 4 0 0 2 2 2 4 0 4 0 2 2 2 0 2 0 4
2 0 2 0 4 4 0 0 0 2 2 4 2 0 2 2 0 2 0 2 0 0 0 0 0 0 2 4
4 0 2 2 0 0 4 2 0 2 2 0 0 0 2 0 0 2 2 0 0 2 4 2 0 0 0 2
2 0 0 2 2 2 0 0 2 2 2 4 0 2 0 0 2 2 2 0 0 2 2 4 2 0 2 2
0 4 2 0 4 2 0 4 0 4 0 2 4 2 2 4 0 0 0 2 2 0 0 0 4 2 2 0
2 0 0 2 2 2 2 2 0 0 0 2 2 0 0 2 2 0 2 2 2 0 2 0 2 2 2 0
0 2 0 2 0 2 0 0 2 2 2 0 2 0 0 2 2 0 2 0 0 4 2 4 0 2 0 0
2 2 2 0 4 4 0 2 0 0 0 2 2 2 0 0 0 0 2 0 4 0 0 2 0 4 2 4
9 5 9 5
9 30
2 4 4 4 2 2 3 3 1
1 4 4 4 1 2 3 2 0
2 4 4 4 0 2 4 4 4
3 1 3 1 1 2 4 4 4
1 0 2 0 3 0 4 4 4
4 4 4 1 2 3 0 2 3
4 4 4 1 3 1 2 1 0
4 4 4 1 2 2 1 2 2
3 0 2 2 3 3 2 2 1
3 1 1 1 2 0 0 2 0
3 3 1 2 2 1 1 3 1
1 0 1 2 3 0 0 0 2
3 1 1 0 1 2 2 3 2
1 2 2 2 2 2 3 3 0
2 3 2 2 1 0 4 4 4
0 0 1 0 0 2 4 4 4
1 3 3 1 2 2 4 4 4
0 1 3 1 0 0 0 1 1
1 3 3 1 1 3 1 3 1
2 1 2 2 2 3 4 4 4
3 2 2 1 2 2 4 4 4
0 3 3 3 2 3 4 4 4
0 4 4 4 3 2 0 1 2
2 4 4 4 1 1 2 0 0
1 4 4 4 2 2 2 0 0
3 3 1 0 0 3 2 3 1
0 0 2 1 1 2 1 3 3
2 4 4 4 0 0 1 3 3
2 4 4 4 0 3 3 0 1
2 4 4 4 3 0 2 3 4
8 2 2 8
26 29
4 3 3 4 3 4 4 0 0 0 3 0 4 4 0 4 0 3 4 4 3 0 3 0 0 4
0 3 3 0 0 3 3 0 0 3 0 3 3 3 3 0 3 0 3 0 0 0 3 4 0 3
0 0 0 0 3 3 3 0 0 4 3 4 0 0 0 0 4 0 0 0 0 0 0 0 0 3
3 4 4 0 3 4 3 0 0 0 3 0 3 4 0 4 0 0 0 0 3 3 3 3 0 3
3 3 3 3 4 3 0 4 4 0 4 3 3 4 3 3 0 3 4 0 0 0 0 0 3 0
0 4 4 4 0 0 4 3 3 4 0 4 3 0 0 0 4 3 3 0 3 0 4 4 3 3
3 3 3 4 4 4 3 0 0 0 3 4 3 3 0 4 0 3 3 3 3 3 0 3 3 3
0 0 3 0 4 4 3 3 3 3 0 0 3 0 4 0 3 4 3 4 0 0 3 0 4 0
0 3 3 3 0 4 4 3 4 0 0 0 3 0 4 4 0 4 3 3 3 3 0 0 0 4
3 3 3 4 0 0 4 3 3 0 0 0 4 4 3 4 0 0 3 0 3 0 3 3 4 3
0 0 0 3 0 4 0 3 3 3 4 3 0 4 3 4 0 3 0 0 3 0 0 3 0 3
3 3 3 0 0 0 4 3 3 4 0 0 3 4 3 3 0 0 0 0 0 3 3 0 0 0
3 0 3 4 4 3 3 0 3 3 0 0 4 4 0 3 3 3 3 3 0 0 0 0 3 3
3 3 3 3 0 3 3 0 0 0 3 0 4 3 4 3 0 3 0 0 0 3 3 0 3 3
0 3 0 3 0 3 4 0 3 4 4 4 0 3 0 0 0 3 3 0 4 0 0 0 3 3
3 3 4 0 0 0 4 0 0 3 0 0 4 3 4 3 4 4 4 0 4 3 3 3 3 0
0 3 0 4 0 3 3 3 0 0 3 0 0 0 3 0 4 0 0 3 3 4 0 3 4 3
3 3 0 3 3 0 3 0 0 0 3 3 4 3 3 4 3 0 3 0 3 0 0 4 3 0
4 3 3 3 4 4 4 4 0 3 0 3 0 3 0 0 3 0 3 0 3 0 4 4 0 3
3 3 0 0 3 3 3 3 3 3 0 4 3 3 4 4 3 0 3 3 3 4 4 3 0 0
0 4 3 4 0 3 3 3 0 0 0 4 3 3 0 3 4 4 0 0 0 0 0 4 4 3
0 3 3 0 3 3 3 3 3 3 0 0 3 4 4 3 4 3 3 3 4 3 0 3 4 0
3 3 0 3 3 3 3 3 0 0 4 3 0 0 3 3 3 0 0 3 0 3 3 0 3 0
0 4 3 0 3 3 0 3 0 0 3 0 4 4 3 3 0 0 3 4 3 0 4 3 0 4
0 4 0 0 4 0 0 4 0 0 3 3 3 4 3 0 4 0 0 0 0 0 3 3 3 3
3 4 3 0 0 3 0 3 0 0 4 3 3 0 4 0 4 0 0 0 0 3 0 4 0 0
0 0 0 0 0 4 0 0 3 3 0 0 3 0 3 0 3 4 3 4 3 3 0 3 0 3
3 0 4 4 0 4 3 0 0 0 0 3 3 3 3 3 0 3 4 3 0 3 0 4 0 0
0 0 3 0 0 0 3 0 0 3 4 0 0 3 0 0 0 0 3 3 0 0 0 4 3 4
5 8 9 8
29 26
2 2 2 4 1 4 2 1 1 1 2 2 4 1 1 4 2 2 1 2 1 2 1 2 2 2 2 2 2
1 1 1 1 2 2 2 2 1 1 2 2 1 2 1 1 1 2 1 1 4 1 2 2 1 1 1 1 1
1 1 2 1 2 4 1 2 2 2 4 2 2 2 2 1 1 2 1 1 2 4 2 1 1 2 2 2 1
1 2 2 1 2 2 4 1 1 1 1 2 2 2 1 2 1 2 2 2 2 2 2 2 2 4 1 4 1
2 4 2 2 1 1 4 2 2 2 2 1 1 1 1 1 2 4 1 2 1 1 2 1 2 4 1 2 2
1 4 2 2 1 2 2 4 2 1 2 1 2 2 2 2 4 2 1 1 1 1 4 1 2 2 2 2 1
2 2 2 1 1 2 1 1 1 2 2 2 2 4 1 1 2 2 2 1 2 2 4 1 1 2 2 4 2
2 1 1 1 1 1 2 1 1 1 4 4 2 2 1 1 1 1 1 4 4 2 2 2 1 1 2 1 2
1 4 1 1 2 4 2 1 4 2 2 1 2 1 1 4 2 4 2 1 1 2 1 2 2 1 4 1 2
2 2 1 1 4 1 2 2 1 4 2 1 1 1 1 1 2 1 1 1 2 2 2 1 1 2 1 1 1
2 2 2 2 1 2 2 1 2 4 1 2 1 2 1 1 1 1 1 2 2 1 2 2 1 4 4 1 1
2 2 2 1 2 1 4 1 2 1 1 1 2 1 1 1 2 2 2 1 1 2 2 2 2 2 2 1 1
1 1 4 2 2 2 1 1 1 1 1 2 1 2 2 2 1 1 2 2 1 1 1 1 1 1 1 4 2
1 1 2 2 2 2 1 4 1 2 1 2 1 2 1 4 1 2 1 4 1 2 2 1 2 4 1 4 2
4 4 1 1 2 2 1 1 1 1 2 2 1 2 2 2 1 1 1 1 1 2 2 1 1 1 1 2 1
2 2 4 1 2 4 1 2 2 2 2 2 2 1 1 1 1 2 2 4 2 1 4 2 1 1 1 2 2
1 4 1 2 4 2 1 1 1 1 1 1 1 1 2 1 2 1 1 2 1 1 2 1 1 2 1 4 1
2 1 1 1 1 2 1 1 2 2 2 2 1 1 2 4 4 2 2 1 1 1 4 2 1 1 1 2 4
1 4 2 2 2 2 1 2 1 2 1 2 2 1 4 4 1 1 1 2 1 4 1 2 2 2 2 1 2
2 1 1 1 1 1 1 2 4 4 1 2 2 1 2 2 1 1 1 2 2 1 2 2 1 2 1 2 2
2 1 4 2 2 1 1 2 1 1 2 1 1 1 2 2 2 2 1 4 2 1 2 1 1 2 1 2 1
1 2 4 2 2 2 1 2 2 2 2 4 1 1 1 2 4 2 1 4 2 1 2 2 1 1 2 1 2
2 2 4 2 2 1 2 1 2 2 2 1 1 2 1 2 1 2 2 1 1 2 1 2 1 2 1 2 1
1 2 1 2 2 1 1 2 2 2 2 1 1 1 2 2 1 2 2 1 2 2 2 2 2 2 4 1 4
2 2 2 2 2 2 2 1 4 4 2 1 1 1 2 2 2 2 1 1 2 1 1 2 4 2 2 1 1
4 1 2 1 2 1 2 2 1 2 1 2 1 2 2 2 1 1 1 2 1 2 2 2 1 1 4 2 4
7 5 9 9
29 29
4 0 0 4 0 4 4 0 1 0 0 0 4 1 0 4 0 0 4 4 0 1 1 0 0 4 1 1 1
1 1 0 0 0 0 0 1 1 1 1 0 0 0 1 1 0 0 0 1 4 1 0 0 1 0 1 1 1
1 0 1 4 0 4 1 1 0 1 4 0 0 1 1 1 1 0 1 1 0 4 4 0 0 4 1 0 1
0 1 0 1 1 1 4 0 0 1 1 0 1 1 1 0 1 1 1 1 0 4 1 0 4 4 0 4 1
0 4 1 1 0 0 4 1 1 1 1 0 1 0 1 0 4 4 1 0 1 0 0 0 0 4 0 1 1
0 4 1 1 0 0 0 4 4 1 1 1 1 0 0 4 4 0 1 1 0 1 4 1 1 1 4 0 1
0 0 0 1 0 0 1 1 0 0 0 0 4 4 0 1 1 1 0 1 1 1 4 0 1 4 0 4 0
0 1 1 1 0 1 0 1 0 0 4 4 0 4 1 1 0 0 0 4 4 0 4 0 0 0 1 0 1
1 4 0 1 1 4 0 1 4 1 1 0 1 1 4 4 0 4 1 1 1 1 1 1 1 0 4 0 1
1 0 0 1 4 1 0 0 0 4 0 0 4 0 4 0 0 1 1 0 0 1 0 1 1 1 0 0 1
1 0 4 0 1 4 1 1 0 4 1 0 1 0 0 0 1 0 0 1 0 0 1 0 0 4 4 1 0
1 1 0 1 1 4 4 0 1 0 1 1 1 1 1 1 1 0 1 0 1 0 1 1 1 0 1 0 0
1 0 4 1 4 1 0 1 0 1 0 1 0 0 0 1 1 1 0 1 1 0 4 1 1 4 4 4 0
0 1 1 0 1 0 0 4 0 1 1 1 0 0 1 4 0 0 1 4 1 1 0 1 1 4 0 4 1
4 4 4 1 4 0 0 1 1 0 0 0 0 4 0 0 0 0 1 1 1 1 1 1 1 1 1 0 0
1 1 4 1 1 4 1 0 1 1 0 0 1 0 1 1 0 0 0 4 0 0 4 0 1 0 1 1 1
1 4 1 1 4 1 1 1 1 4 1 4 1 0 1 0 0 0 0 0 0 0 1 0 0 0 4 4 1
1 1 0 0 0 1 0 0 1 0 1 1 1 1 0 4 4 1 0 0 1 1 4 4 0 0 0 1 4
1 4 0 1 1 0 1 0 0 4 0 1 0 1 4 4 0 0 1 1 0 4 4 0 1 0 0 0 0
0 0 1 1 1 0 0 1 4 4 0 1 0 1 0 4 1 0 1 4 1 0 1 1 0 0 0 0 0
0 0 4 1 1 0 1 1 1 0 0 0 1 1 1 0 0 1 0 4 0 1 1 1 1 1 0 1 0
0 0 4 1 0 1 0 0 4 0 0 4 0 1 4 0 4 1 1 4 0 0 4 0 0 0 1 0 1
1 1 4 1 1 1 1 0 0 0 0 0 1 4 1 1 0 0 0 1 1 0 4 0 0 0 0 1 4
1 1 1 1 1 0 4 0 0 1 0 1 0 0 1 0 0 1 1 0 0 1 1 0 1 0 4 1 4
0 0 1 0 1 1 0 0 4 4 1 0 0 0 1 1 1 0 0 0 0 1 1 0 4 1 0 0 1
4 1 1 1 1 0 1 0 1 0 1 0 0 0 0 1 0 0 0 0 0 1 1 0 0 0 4 0 0
0 0 0 4 1 1 1 0 0 1 4 1 4 0 1 0 4 0 0 4 1 4 4 0 0 0 1 1 0
0 0 1 1 0 0 1 1 0 4 1 4 1 0 1 4 0 4 1 1 1 1 4 0 1 4 0 1 0
0 4 0 0 0 0 0 0 1 4 4 0 1 4 1 1 4 0 1 0 4 4 1 0 0 4 0 1 4
7 7 7 8
28 30
1 0 2 2 1 0 1 3 1 3 0 2 2 1 0 0 1 1 1 0 1 2 2 1 2 1 3 1
0 1 1 1 3 2 3 2 1 1 2 3 3 3 1 3 3 1 3 1 3 3 0 3 0 0 1 3
3 2 1 3 2 1 1 2 0 1 0 1 1 0 1 1 2 3 2 2 0 2 3 4 4 4 0 1
0 2 2 1 1 2 1 3 2 1 2 1 0 2 1 0 1 2 0 2 0 2 2 4 4 4 0 1
3 3 0 2 0 2 0 3 2 4 4 4 3 1 0 1 0 1 0 1 0 0 0 4 4 4 2 3
3 2 0 2 0 1 1 4 4 4 4 4 0 3 0 3 3 0 1 0 1 3 1 1 3 1 0 1
3 3 0 1 0 3 0 4 4 4 4 4 2 3 3 1 2 1 2 1 3 2 0 3 2 1 3 3
2 3 1 2 2 3 0 4 4 4 2 0 0 1 0 2 0 0 3 2 1 0 0 2 1 1 2 3
3 0 0 0 2 1 3 0 2 1 1 2 0 3 1 2 0 2 2 3 0 2 0 2 0 0 2 2
2 1 1 2 1 2 2 1 2 1 1 0 3 0 0 2 3 0 1 0 3 2 0 2 0 2 3 1
2 2 1 3 3 3 3 1 0 2 3 0 0 3 2 0 2 3 0 0 3 2 1 2 2 2 0 0
0 1 1 3 0 0 2 0 0 3 3 3 0 3 0 3 3 1 0 2 1 3 0 0 0 2 1 3
0 0 2 4 4 4 2 3 1 2 3 2 3 3 0 1 3 1 2 3 0 1 2 3 2 2 1 2
3 2 1 4 4 4 1 1 0 0 3 2 1 1 0 3 1 1 2 0 2 1 3 0 1 0 0 1
1 0 2 4 4 4 0 2 2 3 3 1 3 2 0 0 1 0 1 0 3 2 3 1 2 2 3 1
2 2 0 4 4 4 3 0 0 3 2 1 3 3 2 1 3 0 3 2 2 3 3 0 1 3 0 3
2 3 2 2 0 2 1 3 3 2 0 2 0 1 2 1 0 3 2 3 1 2 0 3 0 3 2 2
3 2 2 0 0 2 1 3 2 3 3 3 1 2 1 3 1 1 2 1 1 2 3 0 2 2 1 3
0 0 0 1 3 3 0 2 3 1 3 0 3 2 1 0 3 2 0 1 1 1 3 1 1 3 1 3
2 3 1 3 0 1 2 1 0 2 1 1 3 0 3 3 0 2 1 0 0 2 2 1 2 0 0 2
0 0 1 0 3 3 1 3 0 1 2 1 2 1 3 1 2 3 0 0 3 3 0 2 2 3 2 3
3 1 2 3 0 1 1 0 2 3 1 3 2 1 3 1 2 2 2 1 0 3 2 1 2 2 1 2
2 1 0 3 0 2 1 2 3 0 1 3 2 1 1 0 3 0 2 1 3 1 1 0 3 0 3 2
1 2 0 3 0 1 3 2 3 0 2 2 2 0 2 0 2 0 0 1 1 1 1 1 2 0 1 3
3 2 3 3 0 0 0 0 2 1 3 1 2 0 0 1 2 3 3 3 2 0 3 1 4 4 4 1
1 2 1 1 0 2 1 3 0 1 2 2 2 1 2 2 1 2 1 0 2 1 0 0 4 4 4 1
3 3 1 0 1 1 0 1 2 3 2 1 0 2 2 0 2 0 3 2 2 3 3 1 4 4 4 0
0 3 3 0 0 0 1 0 3 0 0 0 0 3 1 1 2 2 1 3 2 0 1 1 0 2 1 0
3 1 0 3 2 1 1 1 1 3 1 1 1 3 0 2 3 1 1 0 2 0 1 2 1 0 2 1
2 1 3 3 1 0 2 1 1 1 0 1 1 2 2 2 1 0 1 1 1 3 0 2 2 1 0 4
4 2 6 2
26 26
2 2 3 0 0 3 1 0 1 1 2 2 0 1 2 0 1 0 3 2 2 1 2 3 3 3
1 3 0 0 0 0 3 3 2 1 2 2 1 3 3 2 2 3 0 1 1 4 3 3 2 3
1 1 2 2 2 3 1 2 1 2 1 2 4 2 1 2 0 3 2 0 1 3 1 3 0 1
3 0 2 1 1 2 4 2 2 0 1 3 0 1 1 3 1 0 1 3 2 2 3 3 3 2
1 3 1 3 2 3 2 4 1 3 0 0 0 0 1 1 1 0 1 3 2 3 1 3 3 0
0 1 3 1 0 0 2 1 3 0 1 3 1 3 1 0 1 2 3 2 2 2 0 1 2 4
0 1 4 3 0 2 2 4 2 1 0 0 3 4 3 1 0 0 0 3 2 4 0 3 1 3
2 1 1 0 3 2 3 0 3 0 3 0 1 1 2 3 3 0 1 1 0 2 3 2 0 2
1 3 1 1 4 2 0 0 0 1 4 1 0 3 1 3 2 1 2 0 4 1 2 1 1 0
0 3 1 0 1 0 3 2 2 4 1 1 3 2 4 2 3 1 0 1 0 2 4 0 2 4
2 0 4 4 2 2 4 2 0 0 2 1 2 3 4 0 3 3 3 1 1 1 1 4 0 0
2 2 1 0 0 3 1 1 1 1 3 0 1 1 2 0 3 0 2 0 0 0 1 0 1 0
3 1 1 3 0 0 1 2 2 2 3 2 3 1 4 0 3 2 3 1 0 1 3 3 2 3
2 2 3 3 3 4 2 0 3 2 4 3 3 3 0 3 2 0 2 3 3 2 0 2 1 2
0 4 1 0 1 2 2 2 4 2 4 3 2 3 4 1 4 3 1 2 0 2 2 3 3 1
2 2 3 3 0 0 4 1 0 1 1 4 2 0 0 3 1 1 0 3 1 4 3 1 1 2
4 2 1 2 1 2 0 0 0 1 0 0 1 0 0 3 1 0 2 1 3 0 1 0 4 0
0 3 1 3 1 3 4 2 3 0 3 0 1 2 2 3 4 3 3 2 1 1 1 2 1 2
1 3 1 2 2 0 1 1 2 0 2 3 0 4 1 4 3 0 3 3 0 0 2 0 2 1
1 1 0 4 3 3 1 2 1 2 2 2 3 1 2 0 3 0 2 0 2 1 1 2 2 2
0 3 0 0 4 4 0 1 1 2 0 3 0 2 1 3 0 3 3 0 0 0 1 3 4 0
1 1 2 1 4 1 1 3 0 0 2 4 0 1 2 1 2 1 0 0 1 1 3 1 3 1
0 3 1 1 3 0 0 2 0 1 1 3 0 1 3 2 0 1 3 3 0 2 1 0 2 3
2 2 3 2 2 2 3 2 3 2 0 0 4 1 1 2 2 2 1 0 3 1 4 1 0 1
1 3 1 2 2 0 2 1 2 3 2 1 0 0 2 1 1 3 3 1 2 2 1 4 3 2
2 4 4 2 3 3 4 1 1 1 0 1 2 3 1 3 1 4 3 1 1 3 2 1 3 4
3 3 3 4
28 28
2 2 2 2 2 1 2 0 1 2 0 1 1 2 1 2 0 0 3 0 0 3 0 2 2 1 0 1
2 3 1 2 2 1 0 0 0 1 2 3 2 1 0 1 3 3 3 1 2 0 3 2 1 1 0 0
0 3 1 3 0 1 2 3 2 3 3 2 2 1 1 2 3 3 3 2 2 2 1 4 4 0 1 0
2 2 0 2 3 1 2 0 2 0 0 1 0 2 1 1 3 2 2 3 3 3 3 4 4 3 2 3
0 0 2 3 2 3 0 3 3 4 4 4 4 1 0 0 0 2 0 1 1 1 1 3 2 1 4 4
1 3 2 3 1 0 3 4 4 4 4 4 4 1 0 3 0 2 2 3 1 1 1 1 3 2 4 4
2 0 3 0 3 2 1 4 4 0 2 3 3 1 3 2 2 0 0 0 0 1 1 2 1 1 1 1
0 1 1 1 3 1 3 1 3 3 3 2 3 2 1 3 3 1 0 3 3 2 1 1 1 0 1 2
2 2 2 0 1 2 2 0 3 2 3 0 3 1 0 1 0 2 3 3 1 2 1 3 0 1 1 3
0 2 0 2 0 3 0 3 0 0 3 3 2 3 0 3 0 0 1 2 2 0 3 2 0 3 1 0
1 0 0 2 1 1 0 1 0 1 0 1 3 0 3 1 3 1 2 1 1 1 2 0 0 0 2 2
0 2 1 4 4 1 1 1 2 0 0 0 3 1 0 3 3 3 2 0 0 3 0 3 1 1 2 3
1 2 3 4 4 4 4 2 0 2 2 0 3 0 2 2 2 2 1 0 3 2 1 1 2 3 0 0
1 3 0 4 4 4 4 1 3 2 2 0 2 2 0 3 1 1 1 1 1 3 3 0 3 1 2 2
1 1 0 0 0 2 0 0 3 2 3 3 1 2 3 3 3 2 2 1 2 3 1 3 0 2 2 1
1 2 0 1 3 0 3 3 1 2 2 2 3 1 3 2 0 0 3 2 0 0 1 1 1 3 3 1
3 1 0 0 0 2 3 3 3 3 3 2 1 3 1 3 3 1 3 3 0 3 0 1 0 1 3 0
3 1 1 3 2 1 3 3 1 3 2 2 3 0 3 1 2 1 2 0 3 0 3 3 2 1 1 3
3 2 2 2 3 3 2 2 1 3 1 0 2 1 3 3 1 3 2 3 0 3 1 1 1 2 3 1
2 2 1 1 0 2 3 1 2 1 1 2 2 2 0 3 3 0 3 0 3 2 1 1 3 1 3 3
3 2 3 0 0 3 2 0 3 0 0 3 2 0 3 2 3 3 1 3 3 2 0 1 0 1 2 0
3 1 2 1 3 3 0 2 2 0 1 0 1 3 2 3 1 1 2 3 1 0 0 1 3 2 3 3
1 1 1 3 0 3 0 2 2 1 2 2 1 1 2 1 0 2 0 1 1 2 3 2 3 1 0 0
3 3 0 0 0 3 1 1 0 2 1 3 0 0 3 3 1 3 3 3 0 3 0 1 4 4 3 3
2 3 2 2 3 1 0 3 0 3 2 2 2 0 2 0 1 1 3 0 2 3 0 2 4 4 3 1
1 2 0 0 3 0 3 3 1 0 3 1 3 0 2 2 1 1 0 1 3 2 1 2 0 0 0 0
3 3 2 3 2 2 3 0 0 3 0 1 0 2 2 2 3 3 1 3 3 2 0 2 1 0 0 0
1 1 3 0 2 1 3 1 0 1 2 3 0 3 3 0 1 1 3 1 1 2 3 2 2 2 0 4
1 7 2 4
30 30
4 2 1 4 4 0 0 1 3 0 0 2 1 1 0 2 0 3 0 3 4 1 3 3 3 0 0 1 0 1
2 3 3 1 0 0 1 2 2 3 3 1 1 1 0 3 0 4 0 1 3 3 3 1 2 1 3 0 3 1
1 2 2 3 4 1 0 0 0 0 0 0 0 1 1 2 2 4 3 1 1 1 3 0 4 1 0 1 3 1
3 3 4 0 3 3 3 2 2 1 0 1 2 2 2 2 2 1 0 0 0 4 3 1 1 0 2 2 0 2
2 3 3 3 4 2 0 2 1 0 1 0 0 3 0 0 0 0 3 0 3 4 0 3 2 0 3 1 2 0
3 3 1 1 2 4 0 0 4 1 3 1 2 4 1 1 3 0 0 4 2 3 0 2 3 2 3 4 3 2
0 2 1 4 2 1 3 2 0 0 1 1 0 2 3 3 3 3 1 3 2 0 2 1 1 0 0 2 1 0
2 3 4 2 0 3 0 0 4 3 2 3 2 3 4 3 1 3 4 3 3 3 2 1 2 3 1 0 3 2
1 1 1 4 3 2 2 1 4 2 1 1 2 2 4 0 4 3 2 4 4 3 4 4 0 1 4 2 3 2
0 1 2 3 4 2 1 2 2 0 3 0 3 4 2 0 0 2 1 2 3 3 3 3 3 0 0 4 0 2
0 0 4 0 2 0 2 0 0 0 0 0 1 2 1 3 4 1 2 0 2 0 1 1 1 2 4 2 2 1
2 3 1 3 1 0 1 4 3 2 3 3 1 4 1 3 3 1 4 3 0 1 0 3 0 0 2 3 0 2
1 2 2 2 4 4 1 0 1 1 3 1 4 0 4 2 1 3 4 1 4 2 1 1 3 0 1 0 1 0
3 1 4 3 0 1 4 3 2 0 1 4 1 2 4 1 1 3 0 2 0 4 1 2 0 1 4 3 3 3
3 3 4 0 3 3 0 2 3 0 3 1 0 3 0 0 3 0 0 0 4 2 3 1 1 1 3 0 4 4
2 1 1 0 3 2 1 2 4 0 1 3 0 3 3 3 0 0 0 3 0 2 2 2 4 3 3 0 2 2
1 4 0 4 2 3 2 3 1 3 0 0 3 3 0 0 0 4 2 2 2 2 2 0 4 1 0 2 0 2
3 2 2 4 1 2 3 3 3 2 1 4 1 1 4 4 2 0 0 0 2 2 2 2 0 1 1 0 0 0
2 2 0 3 4 3 2 3 1 0 4 0 3 1 2 1 0 4 1 3 3 2 1 2 2 2 0 4 0 1
2 3 1 2 1 3 1 1 0 0 3 0 2 1 0 3 2 0 0 4 2 0 2 2 3 3 2 1 3 2
1 0 4 1 0 0 0 1 0 3 4 3 3 3 1 0 0 2 2 0 4 2 0 0 0 0 3 2 2 3
3 1 3 1 4 1 0 2 1 0 3 0 1 2 0 0 2 4 3 3 1 4 4 3 1 3 4 2 1 2
0 3 2 4 3 4 2 4 2 2 3 1 2 0 3 1 3 4 4 2 4 3 2 4 3 0 3 3 4 1
0 1 3 1 3 1 0 0 3 2 1 1 1 3 2 2 0 0 1 4 0 0 3 0 2 1 2 4 1 3
0 4 3 1 2 3 2 0 4 3 4 1 3 4 2 1 3 3 3 2 0 1 0 2 0 1 3 3 2 3
2 0 1 1 0 0 0 2 4 2 4 2 3 0 1 1 0 3 0 0 3 3 1 1 3 2 0 3 2 3
1 0 3 1 2 3 1 4 4 1 1 1 0 1 3 2 0 2 4 0 2 4 4 4 2 2 0 0 1 1
2 0 2 1 2 0 3 2 3 4 4 4 2 0 0 3 2 3 0 3 0 1 2 3 0 3 3 3 0 3
1 2 2 2 0 3 0 0 3 1 4 2 2 1 3 3 3 0 2 1 3 3 1 2 2 0 0 0 0 4
2 2 4 3 3 2 2 1 1 4 3 3 2 2 1 3 0 3 0 3 1 1 2 3 0 1 0 0 0 4
7 5 1 1
8 30
4 0 2 1 0 3 2 0
1 1 1 3 2 3 2 1
2 0 0 1 2 1 0 2
3 3 0 0 1 2 0 3
2 2 0 0 3 0 0 2
1 2 0 0 1 3 3 3
2 0 3 2 2 2 2 3
1 1 1 3 0 3 1 0
3 1 1 2 3 2 1 2
1 1 3 2 0 2 1 2
1 0 3 1 2 1 0 3
3 3 0 0 1 0 2 1
4 0 3 0 2 2 0 1
0 0 2 2 2 0 1 4
3 1 0 0 3 2 2 0
1 0 1 2 3 2 2 2
1 3 3 3 1 3 2 1
1 0 1 0 3 2 3 1
1 3 3 1 0 2 3 3
1 3 0 2 3 3 3 1
0 1 1 1 3 2 3 3
1 1 1 3 2 1 3 1
0 1 3 3 1 0 2 0
0 1 3 3 4 3 2 2
2 2 0 0 1 0 2 2
0 3 1 3 1 3 2 0
0 2 3 3 1 2 4 2
0 0 0 2 0 0 2 3
0 1 3 3 3 2 1 3
1 0 2 0 0 2 2 4
3 3 3 7
26 28
0 0 3 3 2 4 4 4 4 4 1 3 3 2 2 3 1 3 0 2 3 0 2 0 3 1
3 2 1 2 0 4 4 4 4 4 2 2 0 2 0 0 3 0 0 0 1 1 0 0 3 4
0 1 3 2 0 4 4 4 4 4 2 0 0 3 1 3 1 4 4 4 4 4 1 2 3 4
0 0 3 2 1 4 4 4 4 4 2 3 0 3 2 0 2 4 4 4 4 4 0 1 0 4
0 1 2 3 1 4 4 4 4 4 1 2 3 0 3 1 0 4 4 4 4 4 3 1 1 4
2 4 4 4 4 4 3 0 2 0 3 2 3 3 0 0 3 4 4 4 4 4 0 2 2 4
2 4 4 4 4 4 0 2 3 3 1 1 3 0 1 0 0 4 4 4 4 4 3 2 1 2
0 4 4 4 4 4 3 3 0 3 1 1 3 1 3 0 1 0 1 2 2 2 2 3 0 0
1 4 4 4 4 4 2 1 1 3 0 1 0 0 3 2 0 3 0 1 0 3 2 1 0 1
1 4 4 4 4 4 3 2 2 0 0 2 2 0 3 2 0 3 3 2 2 2 0 3 2 3
2 0 0 0 0 1 3 3 0 3 2 2 3 2 1 3 3 3 2 3 0 0 0 3 2 2
3 3 0 2 2 2 3 2 0 2 2 1 3 3 3 1 1 2 3 1 1 0 2 3 2 2
1 2 3 0 1 3 1 1 0 0 0 2 0 0 3 3 0 0 1 1 3 0 0 2 3 1
0 1 3 1 2 2 2 0 0 2 1 2 0 0 0 2 1 1 1 4 4 4 4 4 3 2
0 3 2 1 2 2 3 1 1 2 1 0 3 3 2 1 3 3 1 4 4 4 4 4 0 0
2 3 3 3 0 1 0 3 3 2 3 3 3 1 3 2 2 1 3 4 4 4 4 4 1 1
1 1 3 1 2 2 2 3 1 3 1 1 2 1 0 3 3 0 2 4 4 4 4 4 2 3
2 2 3 0 1 3 3 2 2 2 0 0 2 1 1 2 2 3 3 4 4 4 4 4 3 2
3 1 3 1 3 0 2 3 3 1 0 1 0 3 0 0 3 1 4 4 4 4 4 0 0 3
3 2 3 1 2 1 0 0 2 3 0 1 2 1 2 1 0 0 4 4 4 4 4 2 3 2
1 1 1 1 3 3 2 1 0 2 2 0 0 0 0 1 0 3 4 4 4 4 4 2 3 2
2 1 3 4 4 4 4 4 1 0 2 0 0 0 2 1 2 2 4 4 4 4 4 0 3 0
1 1 2 4 4 4 4 4 0 3 1 2 1 3 3 0 1 3 4 4 4 4 4 2 1 1
0 2 1 4 4 4 4 4 0 3 2 0 0 3 0 0 3 2 1 1 2 2 1 3 0 3
2 1 1 4 4 4 4 4 1 2 3 3 1 0 1 1 3 2 1 2 3 2 2 0 3 0
3 2 0 4 4 4 4 4 4 3 2 3 1 0 0 1 3 1 2 3 2 1 2 2 3 1
2 3 3 3 4 4 4 4 4 2 3 1 0 2 1 3 1 2 2 1 0 2 2 2 2 1
2 3 3 3 4 4 4 4 4 0 2 1 3 2 0 1 1 2 3 2 2 2 0 3 1 4
2 3 6 6
4 2
1 2 4 3
2 4 3 4
1 3 5 1
26 29
1 1 1 1 1 1 1 1 1 1 1 1 1 1 1 1 1 1 1 1 1 1 1 1 0 1
0 0 0 0 0 0 0 0 0 0 0 0 0 0 0 0 0 0 0 0 0 0 0 0 3 1
3 3 3 3 3 3 3 3 3 3 3 3 3 3 3 3 3 3 3 3 3 3 3 3 3 1
3 0 0 0 0 0 3 0 3 3 0 0 0 3 3 0 0 0 3 3 0 0 0 3 0 1
3 1 0 0 0 0 1 3 0 1 3 0 0 0 1 3 0 0 0 1 3 0 0 3 1 0
3 1 0 0 0 0 0 1 1 0 1 0 0 1 0 1 0 0 1 0 1 0 0 0 1 0
0 1 1 1 1 1 1 1 1 1 1 1 1 1 1 1 0 0 1 1 0 0 1 1 0 1
0 0 0 0 0 0 0 0 0 0 0 0 0 0 0 0 3 0 1 0 3 0 1 0 3 1
3 3 3 3 3 3 3 3 3 3 0 0 0 0 0 0 0 1 1 0 0 1 1 0 3 1
3 0 0 0 0 0 0 0 0 0 1 0 0 0 0 0 0 0 0 0 0 0 0 0 3 1
3 0 0 0 0 0 0 0 0 0 1 0 3 3 3 3 3 3 3 3 3 3 0 0 3 1
3 0 0 0 0 0 0 0 0 0 1 0 3 0 0 0 3 0 0 3 0 3 0 0 3 1
0 1 1 1 1 1 1 1 1 1 1 0 3 1 0 0 1 3 0 3 1 0 0 0 3 1
0 0 0 0 0 0 0 0 0 0 0 0 3 1 0 0 0 1 0 0 1 1 1 0 3 1
0 0 0 0 3 3 3 3 3 3 0 0 3 0 0 0 1 1 1 1 1 1 1 0 3 1
0 0 0 0 0 0 3 0 0 0 1 0 3 0 0 0 1 0 0 0 0 0 0 0 3 1
0 0 0 0 0 0 0 1 0 0 1 0 0 1 0 0 1 0 3 3 3 3 0 0 3 1
0 0 0 1 3 0 0 0 3 0 1 0 0 0 3 0 1 0 0 0 3 0 1 0 3 1
0 0 0 0 1 3 0 0 0 1 1 0 0 0 0 1 1 1 0 3 0 1 1 0 3 1
0 0 0 0 0 0 0 0 0 0 0 0 0 0 0 0 0 1 0 3 0 0 0 0 3 1
3 3 3 0 0 3 3 3 3 3 0 0 3 3 3 3 3 3 0 0 3 3 0 0 3 1
3 0 0 0 0 0 0 0 0 0 1 0 3 0 0 0 0 3 0 3 3 0 0 0 3 1
0 1 1 1 1 1 1 1 1 1 1 0 3 1 0 0 0 1 3 0 1 3 0 0 3 1
0 0 0 0 0 0 0 0 0 0 0 0 3 1 0 0 0 0 1 1 0 1 1 0 4 1
3 3 3 3 3 3 3 3 3 3 0 0 3 0 1 1 0 0 1 1 0 0 1 0 3 1
3 0 0 0 0 0 0 0 0 0 1 0 3 0 1 0 3 0 1 0 3 0 1 0 3 1
0 1 1 1 1 1 1 1 1 1 1 0 0 1 1 0 0 1 1 0 0 1 1 0 3 1
0 0 0 0 0 0 0 0 0 0 0 0 0 0 0 0 0 0 0 0 0 0 0 0 3 1
3 3 3 3 3 3 3 3 3 3 3 3 3 3 3 3 3 3 3 3 3 3 3 3 3 4
9 3 6 3
28 29
1 3 2 3 0 0 3 1 2 0 3 3 3 1 3 4 0 2 1 2 1 3 1 1 0 2 2 0
2 3 0 0 1 1 3 3 3 1 2 0 0 2 3 0 1 0 0 3 3 4 2 3 2 1 0 2
1 0 3 2 3 3 2 4 0 2 1 2 2 0 2 0 0 3 2 0 1 3 3 3 3 2 3 3
2 2 3 1 3 3 1 3 0 2 2 2 2 3 3 2 0 3 0 1 1 2 0 2 3 1 3 0
3 1 4 2 1 1 2 1 3 2 3 1 1 2 1 3 3 3 0 1 1 1 2 3 3 3 0 0
3 4 0 1 1 3 0 1 0 2 3 2 3 1 2 0 1 1 2 3 0 3 1 1 3 1 3 4
1 2 2 0 2 2 2 0 3 3 1 2 1 2 3 2 2 0 3 3 1 2 0 0 2 1 0 3
4 2 0 1 0 2 3 3 1 1 1 1 3 2 3 0 0 4 2 0 0 0 1 0 0 3 4 4
1 1 3 1 3 1 1 1 0 2 3 0 0 1 2 3 0 2 3 1 3 1 1 1 1 4 1 2
2 1 2 2 2 3 0 1 0 2 2 2 2 4 0 0 1 0 1 0 2 0 3 0 2 3 3 1
3 3 1 3 3 2 2 2 2 3 0 3 2 1 2 0 1 2 3 0 3 1 3 2 0 2 2 0
3 0 0 3 0 0 3 4 1 3 1 3 0 3 1 1 3 1 1 3 0 0 2 1 0 2 2 2
3 1 1 2 0 2 3 3 1 1 3 1 2 1 4 3 1 0 0 2 0 2 0 1 0 3 0 0
1 0 0 1 1 1 2 0 2 3 1 2 2 3 2 3 0 2 1 2 4 2 3 0 3 2 2 1
4 2 3 2 4 1 2 0 1 1 4 1 4 2 1 4 3 0 0 1 2 0 3 1 2 1 0 0
3 3 2 1 3 1 1 2 0 3 2 2 2 2 0 0 3 1 1 3 4 0 0 2 1 3 1 2
2 0 3 0 3 2 1 2 1 4 3 2 2 3 0 0 3 4 0 3 4 1 3 2 3 2 3 2
1 0 2 3 3 2 3 3 1 0 0 3 1 2 2 3 1 1 2 1 0 0 2 0 1 3 1 3
0 3 3 0 1 4 0 0 0 1 0 4 2 3 2 2 0 0 0 2 0 1 3 3 2 1 3 3
3 1 3 3 4 4 0 3 2 1 0 4 2 2 0 0 0 0 1 3 3 2 1 2 1 0 3 4
4 1 3 1 2 1 3 3 1 2 2 1 3 3 0 0 2 2 2 1 1 2 4 2 3 2 0 0
1 3 2 0 0 0 1 0 3 2 1 4 3 0 0 2 1 2 0 3 2 2 1 2 0 2 3 1
0 2 0 3 4 1 1 1 3 3 3 3 4 2 2 2 1 2 0 2 0 2 0 3 4 3 1 0
3 2 3 3 3 2 0 2 1 3 2 1 0 1 0 1 3 2 3 0 2 3 3 2 2 2 2 0
3 1 2 2 3 2 0 3 1 3 1 1 0 3 3 1 1 1 3 2 1 3 0 2 3 3 1 2
3 0 0 1 4 4 0 3 3 0 3 1 0 2 0 1 1 1 1 2 3 0 2 1 1 3 3 0
3 1 1 1 2 1 3 3 2 0 1 0 0 2 2 3 2 3 0 1 2 2 1 1 0 1 1 3
1 1 1 2 2 3 3 3 2 3 4 3 3 2 2 1 1 2 3 1 1 2 1 3 1 1 3 3
0 3 3 1 2 3 0 1 3 2 2 1 1 0 3 1 4 3 0 1 1 1 2 3 4 0 3 4
8 3 5 7
29 26
4 1 1 4 4 1 0 1 3 1 2 2 3 0 0 3 1 3 0 3 4 1 0 1 0 1 2 3 1
1 2 2 3 3 1 1 0 0 2 2 0 2 2 3 2 1 2 4 0 2 2 2 1 0 0 0 3 1
0 0 1 0 0 2 4 2 1 0 2 0 3 1 3 3 1 3 3 4 0 1 1 2 3 0 4 1 1
3 1 2 0 0 4 3 4 1 3 0 0 3 0 1 1 1 0 2 1 2 3 0 2 4 3 3 0 1
1 4 1 2 0 2 2 3 4 1 1 4 1 2 0 3 2 3 3 1 2 2 1 2 1 4 0 0 0
3 2 3 2 2 2 2 1 1 1 4 2 0 4 1 2 1 1 4 2 1 3 1 0 4 3 0 1 1
0 1 3 4 3 1 2 3 1 4 2 1 1 1 1 3 1 1 0 3 0 0 0 1 2 1 0 2 0
2 3 3 1 3 2 0 1 1 4 0 0 3 1 0 4 0 1 2 1 1 4 2 3 2 4 2 1 2
0 0 1 1 3 2 1 1 3 1 2 4 0 2 3 2 4 1 3 3 3 1 4 1 4 3 2 4 4
3 4 4 0 0 4 3 0 0 0 3 1 1 4 0 3 3 0 2 3 0 4 4 3 1 3 2 2 1
2 3 1 2 2 0 1 4 3 3 1 3 4 1 2 2 1 2 1 0 3 0 4 1 0 0 4 2 0
1 1 2 0 0 3 1 4 1 1 3 0 4 0 3 2 2 1 4 2 2 3 3 3 4 3 1 0 0
4 0 0 1 3 0 2 0 0 0 3 2 0 0 3 1 4 4 0 1 1 2 3 3 4 3 4 0 1
1 4 3 4 0 1 2 0 2 1 0 3 2 0 2 4 3 0 0 4 4 0 3 0 4 2 3 4 3
2 0 1 1 1 4 2 0 4 0 4 3 1 0 3 2 4 2 0 1 1 3 1 0 0 3 2 1 2
1 3 0 1 1 4 3 3 1 3 2 0 3 4 4 1 0 1 2 3 2 0 3 4 1 2 2 4 3
0 1 3 0 1 1 2 3 3 3 4 0 2 3 2 3 3 4 3 4 0 3 3 3 1 1 3 2 3
1 0 1 3 4 0 3 2 0 1 3 4 3 1 3 1 2 1 0 0 4 0 2 0 2 3 0 1 4
3 0 4 4 1 2 2 2 0 3 2 2 3 1 0 0 2 2 2 0 3 3 4 0 3 2 3 3 4
1 1 4 2 1 0 4 0 2 0 3 2 3 0 3 1 4 2 3 2 0 1 3 1 3 3 1 1 0
3 3 1 1 0 1 1 3 2 4 2 0 1 2 0 0 2 1 1 0 1 3 4 2 0 1 2 2 0
3 4 2 1 2 3 3 0 0 1 3 4 3 1 1 2 2 3 3 2 3 3 2 3 1 4 0 2 0
3 2 3 3 1 0 1 2 1 4 1 0 1 4 4 3 1 3 4 2 1 3 0 3 3 4 2 4 3
4 0 1 3 0 2 2 3 0 0 4 4 1 4 3 3 4 2 0 1 3 4 1 3 3 1 1 2 3
0 1 1 1 1 1 1 1 1 0 0 1 3 4 1 3 1 2 0 2 0 4 2 1 1 4 2 2 3
1 0 3 4 3 4 1 1 4 3 0 0 0 2 3 1 3 3 2 3 3 2 0 2 1 4 0 1 4
3 1 2 8
27 27
1 3 3 1 3 1 1 3 1 1 1 1 1 3 1 1 3 1 3 3 1 1 3 3 3 3 3
3 3 1 3 3 3 1 1 1 1 1 1 1 1 3 1 3 1 1 1 1 1 3 3 1 3 4
3 1 1 3 3 1 1 1 1 3 3 3 3 3 3 1 1 1 4 4 4 4 3 3 3 3 4
3 3 1 3 1 1 1 3 3 1 1 3 3 3 3 3 3 1 4 4 4 4 3 1 1 1 4
1 1 3 3 1 3 1 3 3 1 3 3 3 3 1 1 1 3 4 4 4 4 3 3 3 3 4
3 1 1 3 1 3 3 1 1 1 1 3 3 1 3 3 3 3 4 4 4 4 3 3 1 3 3
1 3 3 1 3 3 1 3 1 3 3 1 3 3 1 1 3 1 3 3 3 3 3 3 1 1 3
3 3 3 1 1 1 1 3 1 3 3 1 3 3 1 1 3 3 1 3 3 3 3 1 1 1 3
3 1 1 1 3 3 1 1 3 3 3 1 1 3 3 3 3 1 1 1 1 3 1 3 3 3 3
1 1 3 3 1 1 3 3 3 3 3 1 1 1 1 3 1 3 1 1 1 3 1 1 1 1 1
1 1 3 3 1 3 1 3 3 3 1 1 3 3 1 1 1 1 3 1 1 3 3 1 3 1 3
3 3 3 3 3 1 1 3 1 3 3 1 3 3 3 3 1 1 3 3 3 1 3 3 1 3 3
1 3 1 1 3 3 1 3 1 1 1 1 3 3 1 1 3 1 1 4 4 4 4 3 3 1 3
1 3 3 1 1 1 1 1 3 1 1 3 1 1 3 1 3 3 1 4 4 4 4 1 1 3 3
1 3 3 1 1 1 1 3 1 1 1 1 3 1 3 1 1 1 1 4 4 4 4 1 1 3 1
1 1 1 1 1 3 3 1 1 1 1 1 1 3 3 1 1 1 3 4 4 4 4 1 3 1 1
1 3 1 1 3 1 3 1 3 1 1 3 3 3 1 3 3 3 1 1 3 3 1 1 1 1 1
3 1 1 1 1 3 1 1 3 1 1 3 3 3 1 3 1 3 1 4 4 4 4 1 3 1 3
1 1 3 1 3 1 3 1 3 3 1 3 3 1 1 1 3 1 3 4 4 4 4 3 3 3 3
1 3 1 1 3 3 1 3 3 3 1 1 3 1 1 1 3 1 1 4 4 4 4 1 3 3 1
3 3 1 4 4 4 4 1 1 3 1 3 3 1 1 3 1 3 1 4 4 4 4 3 1 3 3
1 3 3 4 4 4 4 1 3 1 1 1 1 1 1 3 3 3 3 3 1 3 1 3 3 1 1
3 3 1 4 4 4 4 1 3 3 1 1 1 1 3 1 3 3 3 3 3 1 3 3 3 1 1
3 3 1 4 4 4 4 3 1 3 3 3 3 1 1 1 3 1 3 1 3 3 3 1 1 3 1
1 3 3 3 4 4 4 4 1 1 1 1 3 1 1 1 3 1 1 1 1 3 1 3 3 1 1
1 3 1 1 4 4 4 4 1 3 1 3 1 1 1 1 1 1 1 3 1 3 1 1 3 1 1
1 1 1 3 4 4 4 4 1 1 3 3 1 3 3 3 3 1 1 3 3 3 3 3 1 1 4
8 8 6 7
29 27
3 1 2 4 3 2 1 2 3 1 1 2 2 3 0 0 3 2 2 3 4 0 1 0 0 1 3 3 3
3 3 0 1 1 0 2 2 3 1 3 3 2 0 0 1 1 1 4 0 0 3 0 2 1 3 3 1 3
2 3 3 3 2 1 4 3 0 2 3 3 1 0 1 1 3 3 3 4 0 2 0 3 3 3 4 0 3
0 2 3 3 3 4 1 0 3 1 1 1 3 1 0 0 3 3 0 3 2 3 2 0 4 0 0 1 0
1 2 2 3 0 3 0 0 4 0 2 1 1 0 2 0 1 3 1 0 3 2 3 1 3 4 0 1 1
3 2 1 1 0 0 2 3 1 3 4 2 2 4 0 3 0 3 4 2 0 2 2 1 4 3 0 3 0
1 3 2 4 1 1 1 0 1 4 1 0 1 2 1 3 2 3 3 1 2 2 2 1 1 1 2 2 3
3 1 2 2 0 0 1 0 1 4 0 0 2 0 3 4 1 3 1 0 3 2 1 1 2 4 1 3 2
3 3 3 3 0 1 1 1 0 1 2 4 3 1 2 3 4 2 0 0 2 3 4 3 4 2 3 4 4
2 4 4 1 2 4 2 2 1 0 2 1 1 4 3 0 3 2 2 0 3 0 4 0 2 0 2 1 2
0 3 1 0 0 2 1 4 0 3 1 1 4 2 0 0 0 0 0 3 2 2 3 0 2 1 4 0 3
2 3 0 3 2 0 1 4 3 2 0 1 0 0 3 3 3 3 4 1 1 1 2 3 4 2 3 2 3
4 1 2 3 3 2 0 3 3 3 1 3 1 0 1 2 4 4 2 3 0 3 1 0 4 0 4 3 0
2 4 2 4 3 0 2 1 0 0 2 0 1 2 1 4 3 1 1 4 3 0 1 2 4 2 0 4 0
2 3 0 1 0 4 0 2 0 2 4 0 1 2 1 1 4 0 0 2 2 3 3 0 2 1 1 3 3
2 2 1 1 3 4 2 3 1 0 2 1 1 4 4 2 3 1 1 1 3 0 0 4 0 2 2 0 3
1 0 1 0 3 0 3 2 3 2 4 3 3 3 3 3 1 4 1 4 1 1 0 1 0 1 1 1 1
2 0 1 1 4 0 1 2 2 2 3 2 1 0 2 2 1 1 1 1 4 0 2 1 2 0 0 3 4
2 1 4 4 0 3 3 1 2 3 0 2 3 3 3 1 1 1 3 1 2 0 4 2 3 0 3 1 4
2 0 0 3 2 0 4 1 2 0 2 1 2 2 3 2 4 1 0 1 1 3 2 3 0 1 1 3 1
2 3 1 0 2 3 3 3 2 4 2 3 2 2 0 1 2 0 2 3 2 3 4 1 3 3 2 0 3
3 4 2 2 0 2 2 2 1 0 0 4 1 1 3 3 3 0 2 1 3 1 2 1 2 4 0 3 3
1 2 0 3 3 1 0 0 3 4 2 2 3 4 4 2 0 2 4 3 2 1 0 2 3 4 3 4 3
4 2 3 1 2 1 0 3 1 3 4 4 3 4 0 2 4 2 1 1 2 4 3 1 2 0 2 0 0
3 2 0 0 3 3 1 1 3 2 2 0 3 4 0 3 2 0 3 1 2 4 2 1 2 4 0 3 3
0 1 3 4 0 4 3 2 4 3 1 3 3 1 1 0 3 3 3 1 2 2 0 2 2 3 1 1 0
2 1 0 1 4 1 4 3 0 2 3 2 0 2 2 1 1 2 2 0 1 0 3 2 2 2 2 3 4
5 3 8 4
0 0