30 30
1 1 1 1 1 1 1 1 1 1 1 1 3 0 0 0 3 3 3 3 3 3 3 3 3 3 3 3 3 3
2 2 2 2 2 2 2 2 2 2 2 1 3 1 1 1 2 2 2 2 2 2 2 2 2 2 2 2 2 3
3 1 1 1 1 1 1 1 1 1 1 1 2 2 2 2 1 4 0 2 3 2 1 3 3 3 3 3 3 3
3 2 3 2 2 2 2 2 2 2 2 1 1 1 1 1 1 1 1 1 1 0 0 0 0 0 0 0 0 1
3 2 3 3 1 1 1 1 1 1 1 1 1 2 1 2 1 2 1 1 2 0 0 0 0 0 0 0 0 1
3 2 3 3 1 1 1 1 1 1 1 1 1 2 1 2 1 2 1 1 2 0 0 0 0 0 0 0 0 1
3 2 3 2 2 2 2 2 2 2 2 1 1 2 1 2 1 2 1 1 2 0 0 0 0 0 0 0 0 1
3 2 3 3 1 1 1 1 1 1 1 1 1 2 2 2 2 2 3 3 2 0 0 0 0 0 0 0 0 1
3 2 3 3 1 1 1 1 1 1 1 1 1 3 3 3 3 3 3 3 3 0 0 0 0 0 0 0 0 1
3 2 3 2 2 2 2 2 2 2 2 1 1 1 2 2 2 2 2 2 0 0 0 0 0 0 0 0 0 1
3 2 3 3 1 1 1 1 1 1 1 1 0 0 0 0 0 0 0 0 0 0 0 0 0 0 0 0 0 1
3 2 3 3 1 1 1 1 1 1 1 1 0 0 0 0 0 0 0 0 0 0 0 0 0 0 0 0 0 1
3 2 3 2 2 2 2 2 2 2 2 1 1 3 3 3 3 3 3 3 3 0 0 0 0 0 0 0 0 1
3 2 3 3 1 1 1 1 1 1 1 1 2 2 2 2 2 2 2 2 3 0 0 0 0 0 0 0 0 1
3 2 3 3 1 1 1 1 1 1 1 1 1 3 3 3 3 3 3 3 3 0 0 0 0 0 0 0 0 1
3 2 3 2 2 2 2 2 2 2 2 1 1 3 3 3 3 3 3 3 3 0 0 0 0 0 0 0 0 1
3 2 3 3 1 1 1 1 1 1 1 1 2 2 2 2 2 2 2 2 3 3 0 0 0 0 0 0 0 1
3 2 3 3 1 1 1 1 1 1 1 4 1 3 3 3 3 3 3 3 3 3 0 0 0 0 0 0 0 1
3 2 3 2 2 2 2 2 2 2 1 1 1 3 3 3 3 3 3 3 3 3 0 0 0 0 0 0 0 1
3 2 3 3 1 1 1 1 1 1 1 4 0 2 2 2 2 2 2 2 2 3 0 0 0 0 0 0 0 1
3 2 3 3 1 1 1 1 1 1 1 1 1 3 3 3 3 3 3 3 3 3 0 0 0 0 0 0 0 1
3 2 3 2 2 2 2 2 2 2 2 1 1 3 3 3 3 3 3 3 3 3 0 0 0 0 0 0 0 1
3 2 3 3 1 1 1 1 1 1 1 1 2 2 2 2 2 2 2 2 2 3 0 0 0 0 0 0 0 1
3 2 3 3 1 1 1 1 1 1 1 1 3 1 3 3 3 3 3 3 3 3 0 0 0 0 0 0 0 1
3 2 3 2 2 2 2 2 2 2 2 1 3 1 3 3 3 3 3 3 3 3 0 0 0 0 0 0 0 1
3 2 3 3 1 1 1 1 1 1 1 1 2 1 3 3 3 3 3 3 3 3 2 0 0 0 0 0 0 1
3 2 3 3 1 1 1 1 1 1 1 1 3 2 2 2 2 2 2 2 2 3 1 2 1 3 3 3 3 1
3 2 3 2 2 2 2 2 2 2 2 1 2 3 3 3 3 3 3 3 3 3 1 2 1 1 4 3 0 1
3 2 3 3 1 1 1 1 1 1 1 1 2 2 2 2 2 2 2 2 2 3 1 1 1 2 4 3 0 1
3 3 3 3 0 0 0 0 0 0 0 0 3 3 3 3 3 3 3 3 3 3 1 1 1 3 4 3 3 4
9 8 1 3
30 27
0 0 0 0 1 1 0 0 1 1 1 1 1 1 1 1 1 1 1 1 1 1 1 1 1 1 1 1 0 1
3 0 0 0 1 0 3 0 1 0 0 0 0 0 0 0 0 0 0 0 0 0 0 0 0 0 0 0 3 1
3 1 0 0 0 0 3 1 0 0 3 3 3 3 3 3 3 3 3 3 0 0 0 0 3 3 3 3 3 1
3 1 0 0 0 0 3 1 0 0 0 0 3 0 0 0 0 0 0 0 1 0 0 0 0 0 3 0 0 1
0 1 1 1 1 0 0 1 1 0 0 0 0 1 1 1 1 1 0 0 1 0 3 3 0 0 0 1 0 1
0 0 0 0 0 0 0 0 0 0 0 0 0 0 0 0 0 0 3 0 1 0 0 0 0 0 0 0 3 1
3 3 3 3 0 0 3 3 3 3 0 0 3 3 0 0 3 3 3 0 1 0 0 0 0 0 3 3 3 1
3 0 0 0 1 0 0 0 0 3 0 3 3 0 1 0 0 0 3 0 1 1 0 0 0 3 3 0 0 1
3 1 0 0 0 1 0 0 0 1 0 0 0 1 1 1 0 3 0 1 1 1 0 0 0 3 0 1 0 1
3 1 0 0 0 1 0 0 0 0 0 3 3 3 3 0 0 3 3 3 3 3 0 0 0 0 0 0 3 1
0 1 1 1 1 0 0 0 0 3 0 3 0 3 0 0 3 0 3 3 0 0 3 0 3 0 3 3 3 1
0 0 0 0 0 1 3 0 0 3 1 0 0 3 0 1 1 3 0 1 3 0 3 1 0 0 3 0 0 1
3 3 3 3 0 0 1 0 3 3 1 0 0 3 0 1 0 0 0 0 1 0 0 1 1 3 0 1 0 1
3 0 0 0 1 1 1 1 3 3 1 0 0 3 1 0 0 0 0 1 1 1 1 1 1 0 0 0 3 1
3 0 0 0 1 0 3 3 0 3 1 0 0 3 1 0 0 1 1 0 0 0 0 0 0 0 3 3 3 1
3 0 0 0 1 1 0 0 3 3 1 0 0 3 0 0 0 0 1 0 0 0 0 0 3 3 3 0 0 1
3 0 0 1 0 0 0 0 1 0 1 0 0 3 0 0 3 0 0 0 3 3 3 3 0 0 3 1 0 0
3 0 0 1 0 0 0 0 0 0 0 1 0 1 0 0 1 0 1 1 0 0 0 0 0 3 3 1 0 0
3 1 0 0 0 1 1 1 1 1 1 1 0 0 1 1 1 1 1 1 1 1 1 1 1 0 3 0 0 1
3 1 0 0 0 0 0 0 0 0 0 0 3 0 1 0 0 0 0 0 0 0 0 0 0 0 3 0 0 1
3 0 0 0 1 0 3 3 3 3 0 0 0 1 1 0 3 3 3 3 0 0 3 3 3 3 3 1 0 0
3 0 0 0 1 0 3 0 0 0 1 0 0 0 0 0 0 0 0 0 0 0 0 0 0 0 3 1 0 0
0 1 0 0 1 0 0 1 0 0 1 0 3 3 0 1 0 0 0 3 0 1 0 0 0 3 3 0 0 1
0 0 3 0 1 0 0 0 3 0 1 0 3 0 1 1 0 0 0 3 0 1 0 0 0 3 3 0 0 1
0 0 0 1 1 0 0 0 0 1 1 0 0 1 1 0 0 0 0 0 0 0 0 0 0 0 0 1 0 1
0 0 0 0 0 0 0 0 0 0 0 0 0 0 0 1 0 0 0 3 0 0 0 0 0 0 0 0 3 1
3 3 3 3 3 3 3 3 3 3 3 3 3 3 3 0 0 0 0 3 3 3 0 0 0 0 3 3 3 4
8 7 9 2
29 30
0 0 3 3 0 3 3 0 0 0 0 0 0 0 0 3 3 0 0 3 0 0 3 0 3 3 3 3 3
0 0 3 3 0 0 3 3 0 3 3 3 0 0 3 0 3 0 0 3 3 0 0 0 3 3 0 0 0
0 3 0 3 3 0 3 0 0 0 0 0 0 3 0 0 3 0 0 0 0 0 3 3 0 3 0 0 3
3 0 0 3 3 0 3 0 0 0 0 3 3 3 3 0 0 0 0 0 3 0 3 0 0 0 3 3 0
3 3 0 0 3 3 0 3 3 0 3 3 3 0 0 0 0 0 0 0 3 4 4 4 3 0 0 3 0
3 0 3 0 3 3 3 0 0 0 0 3 0 0 3 3 0 0 3 3 3 4 4 4 3 0 3 3 3
3 0 0 0 0 3 3 0 0 0 0 0 3 3 0 3 0 3 3 0 0 4 4 4 3 0 0 0 0
0 0 3 3 0 3 0 3 0 0 3 3 0 3 3 3 3 3 3 3 0 3 0 3 0 0 0 3 0
0 3 0 0 3 0 0 3 0 3 0 3 0 3 3 3 3 3 3 0 3 3 3 0 0 3 0 0 3
3 0 3 3 3 0 0 0 3 0 4 4 4 0 3 3 3 0 3 0 0 3 3 0 0 0 0 0 0
0 3 3 0 0 0 3 3 0 3 4 4 4 3 3 0 3 0 3 0 0 3 0 3 0 3 3 0 0
0 3 0 3 3 3 0 0 3 3 4 4 4 0 0 3 0 0 3 3 3 3 0 0 0 0 3 0 3
0 0 3 0 0 0 0 3 0 0 0 3 3 0 0 0 3 0 0 3 3 0 3 3 3 0 3 0 0
0 0 0 3 3 3 3 0 3 0 0 0 3 3 3 0 0 3 0 3 0 0 0 0 3 0 0 0 3
0 0 0 0 0 0 0 3 3 0 0 3 3 3 3 3 0 0 0 0 3 3 3 0 3 0 3 3 0
3 3 3 3 3 3 0 0 3 0 3 3 3 3 3 0 3 0 0 3 0 3 0 0 0 3 0 3 0
0 3 0 0 3 3 3 3 3 0 0 0 3 0 3 0 3 0 0 3 0 3 3 0 0 3 3 0 0
3 0 0 0 0 0 3 0 3 3 0 0 0 3 0 3 3 3 3 0 0 3 3 0 3 0 0 3 3
3 3 3 3 0 3 0 3 3 4 4 4 3 0 3 3 3 3 0 0 0 3 3 0 0 3 0 3 3
3 3 3 0 0 3 0 0 3 4 4 4 0 3 0 3 0 0 3 0 0 0 3 3 0 3 0 0 3
3 0 3 0 3 3 3 3 0 4 4 4 0 3 0 0 3 3 0 3 3 3 0 3 0 0 0 3 3
0 3 3 3 0 4 4 4 3 0 0 3 3 0 3 3 0 3 3 0 0 0 3 0 0 3 3 3 0
0 0 0 3 3 4 4 4 0 0 0 0 3 0 0 0 3 0 0 0 0 3 3 0 0 3 3 3 3
3 3 3 3 3 4 4 4 3 0 0 3 0 3 3 3 3 3 3 3 3 3 3 3 0 0 0 3 0
0 0 0 0 0 3 0 0 3 0 3 0 3 0 3 0 0 3 3 0 0 0 0 0 3 0 0 0 3
0 0 0 3 3 3 3 0 3 3 0 3 3 3 0 0 3 0 3 0 3 0 0 3 3 0 3 0 0
3 3 3 0 0 0 0 0 3 3 3 3 3 3 0 0 0 0 0 0 3 3 0 0 0 3 3 0 3
3 0 0 3 0 3 0 0 0 0 0 3 0 0 3 0 3 3 3 0 0 0 3 0 0 3 0 3 0
3 3 0 3 3 0 3 3 3 0 3 0 3 3 3 3 0 0 3 3 0 3 3 3 0 3 3 3 3
0 3 3 3 0 0 3 3 0 0 0 0 3 0 3 3 3 0 0 0 3 3 3 3 3 3 0 0 4
9 8 9 6
30 26
0 3 0 2 1 1 3 1 0 3 0 0 0 0 3 2 1 3 2 1 0 2 1 0 0 2 3 2 3 1
3 0 3 2 1 3 2 0 2 1 3 2 1 3 2 2 4 4 4 4 4 2 2 1 2 3 0 0 3 2
0 3 3 0 3 2 2 1 0 2 3 3 3 2 0 0 4 4 4 4 4 3 0 0 1 4 4 4 4 4
3 3 3 1 2 0 2 2 2 1 1 2 2 0 0 0 4 4 4 4 4 0 3 1 0 4 4 4 4 4
2 1 0 2 0 2 1 1 1 2 3 3 1 1 2 3 4 4 4 4 4 2 2 3 2 4 4 4 4 4
3 2 0 2 1 1 0 0 1 0 1 0 1 1 2 1 4 4 4 4 4 2 3 2 0 4 4 4 4 4
2 3 3 2 0 3 3 0 3 3 2 3 0 0 3 1 1 0 3 0 3 2 3 2 2 4 4 4 4 4
0 0 1 0 1 3 0 2 1 0 2 0 1 3 1 0 0 0 0 2 1 1 2 0 1 0 2 0 0 0
0 2 2 2 1 2 3 3 2 3 1 2 2 0 3 2 2 1 3 2 3 1 1 2 0 0 0 2 1 3
0 1 1 3 0 2 0 3 3 3 3 0 3 1 3 1 4 4 4 4 4 3 3 0 1 3 0 1 1 1
1 1 2 0 2 1 2 3 0 2 1 1 0 1 1 0 4 4 4 4 4 1 3 1 1 2 2 3 2 2
0 0 3 3 2 3 2 0 2 3 2 0 3 0 1 0 4 4 4 4 4 1 1 3 0 0 0 1 0 0
2 1 3 0 1 4 4 4 4 4 1 2 2 2 0 3 4 4 4 4 4 1 0 2 0 1 3 1 1 2
2 1 0 3 3 4 4 4 4 4 1 3 0 1 1 1 4 4 4 4 4 3 3 3 0 2 2 0 2 1
2 0 0 1 2 4 4 4 4 4 1 3 0 1 3 0 1 2 0 1 1 3 2 0 1 0 2 0 1 2
1 1 2 3 2 4 4 4 4 4 2 0 3 2 1 1 0 1 2 3 2 3 2 4 4 4 4 4 1 2
3 2 1 2 1 4 4 4 4 4 3 3 1 3 0 3 2 0 1 0 1 3 0 4 4 4 4 4 0 3
0 2 3 0 0 1 2 1 1 0 1 2 0 1 0 3 1 1 2 2 3 3 2 4 4 4 4 4 3 3
1 1 3 0 1 2 0 0 0 3 2 2 3 0 1 3 2 0 3 0 0 3 3 4 4 4 4 4 3 2
3 1 2 0 0 1 0 3 1 2 3 0 1 1 2 2 3 3 3 3 3 3 2 4 4 4 4 4 1 3
1 0 0 0 3 1 2 1 3 2 3 2 2 3 2 2 0 0 1 1 3 0 1 3 3 1 0 0 2 3
3 2 1 2 1 3 1 2 2 1 1 2 2 2 1 1 0 1 2 3 1 2 1 0 0 0 2 0 1 1
3 2 3 0 0 0 1 2 3 1 2 2 3 3 2 2 2 2 3 2 1 2 3 0 0 2 2 3 0 1
3 2 3 0 2 0 0 1 3 0 0 2 0 3 2 2 0 1 0 1 0 3 2 1 3 2 0 2 3 0
3 3 1 2 3 2 2 2 0 0 3 0 2 0 2 3 2 0 1 0 3 0 3 1 2 1 1 1 3 0
2 3 2 0 0 2 0 0 3 3 0 2 1 1 0 3 2 0 3 1 2 0 2 1 3 1 3 3 3 4
2 8 8 2
2 2
3 0
1 4
9 3 9 1
4 2
1 3 3 0
2 4 2 4
1 9 8 2
30 28
0 0 3 2 3 1 3 2 3 4 0 2 2 0 1 1 2 0 3 0 3 2 1 2 0 1 0 4 3 1
1 3 2 3 4 0 2 0 0 1 3 2 2 3 0 2 2 1 1 3 1 0 0 1 3 0 3 0 3 1
3 2 0 0 0 3 3 0 3 3 2 3 0 1 3 2 3 3 3 1 3 1 1 2 0 0 0 3 3 2
1 3 3 2 1 0 3 2 0 3 3 0 3 3 0 0 3 2 2 1 1 3 3 0 2 0 2 0 0 0
3 0 3 1 3 0 1 2 0 3 1 2 0 3 0 3 2 0 2 3 0 3 2 3 3 3 2 0 0 2
1 0 3 1 1 2 0 0 3 0 4 2 0 2 3 3 2 0 1 2 0 0 3 0 3 4 0 2 2 1
2 1 1 2 0 1 1 3 2 3 2 0 1 1 1 3 1 4 3 0 1 1 3 0 2 2 1 2 0 0
4 3 2 1 0 3 1 0 4 1 3 0 0 2 1 1 3 0 1 0 3 3 3 0 1 3 0 3 0 1
0 2 3 3 2 3 1 2 4 2 1 1 3 1 1 2 3 2 2 1 1 1 3 0 3 2 3 3 3 2
0 3 0 1 3 0 3 2 3 3 0 1 0 2 0 0 0 0 0 4 3 1 0 1 0 0 0 2 3 0
3 2 1 2 3 0 2 3 2 3 2 0 1 4 0 0 2 0 1 3 0 2 3 0 3 2 1 2 2 1
0 0 4 0 0 0 2 1 2 1 3 0 2 1 2 2 2 1 3 2 3 2 1 3 3 2 1 3 3 0
2 3 1 0 3 0 0 1 3 2 0 2 1 0 0 3 1 2 0 2 1 3 1 1 3 0 0 1 0 3
2 1 1 2 0 1 1 2 4 0 2 2 3 3 3 2 2 0 1 0 1 2 0 0 3 2 2 3 2 3
3 3 0 3 3 3 1 1 2 0 1 3 0 0 3 4 2 3 1 3 0 1 0 1 0 3 3 0 2 3
0 3 1 1 0 0 0 2 0 2 2 2 3 2 2 1 1 2 2 2 0 1 2 3 1 2 1 1 0 1
3 3 1 3 0 2 3 3 0 0 3 1 1 3 4 2 1 3 1 4 0 1 1 1 1 1 3 1 0 0
2 2 2 1 0 0 1 0 3 3 3 3 1 1 3 1 1 2 2 1 0 1 3 1 2 1 1 2 3 0
0 0 0 1 3 3 0 2 0 3 1 2 0 0 1 0 1 2 2 0 1 3 0 2 3 0 3 3 2 3
3 2 0 1 3 3 3 1 3 3 3 3 2 1 0 2 1 1 1 0 0 2 1 2 3 1 1 3 3 0
0 0 0 1 0 3 3 4 1 1 0 0 1 1 2 2 0 4 1 0 1 0 3 0 2 2 4 3 1 1
3 1 1 2 1 1 3 0 1 3 2 3 2 2 3 0 1 3 1 0 1 0 3 0 3 1 1 3 0 1
1 3 3 3 2 0 0 0 1 1 2 0 4 3 2 2 0 0 2 3 3 2 2 1 3 2 2 0 3 1
2 2 0 2 1 3 1 2 0 0 1 1 0 3 3 0 1 1 1 2 3 1 3 3 3 0 1 1 0 2
0 1 3 2 3 0 0 2 3 3 3 2 3 3 2 3 2 1 3 3 3 3 3 2 1 3 2 4 1 0
2 0 2 0 0 1 3 3 1 2 3 0 0 3 2 0 2 4 3 1 1 2 3 1 3 1 2 1 2 3
3 0 3 2 0 0 3 0 1 4 1 2 3 0 0 0 3 0 0 0 2 0 3 3 1 2 2 3 1 0
1 0 2 3 0 1 2 0 3 1 1 2 2 2 2 1 2 0 0 0 2 3 1 0 2 0 2 3 1 4
8 8 1 6
26 26
3 2 3 0 0 3 2 0 0 1 3 3 3 1 2 1 3 2 1 3 2 2 1 1 0 1
1 2 3 0 0 2 0 2 2 3 3 1 1 2 4 4 4 2 1 3 0 3 2 0 3 2
0 3 2 2 2 2 2 3 2 1 3 3 3 0 4 4 4 2 1 0 3 4 4 4 3 2
1 0 1 2 1 0 0 0 3 3 2 2 3 0 4 4 4 2 3 2 3 4 4 4 1 0
0 2 1 2 3 0 2 2 2 3 1 3 1 1 3 0 1 3 0 0 3 4 4 4 1 0
0 3 1 0 2 3 1 1 1 2 3 0 1 3 3 2 1 2 2 2 0 1 0 3 1 3
2 1 3 0 2 0 1 3 2 0 3 0 3 2 3 3 2 3 1 0 1 3 1 0 0 3
1 1 3 0 3 3 1 2 1 3 3 3 2 3 3 1 3 0 4 4 4 0 3 1 3 0
2 1 1 1 1 1 1 0 2 0 0 3 3 0 1 3 3 1 4 4 4 1 0 2 2 0
0 3 0 1 3 0 3 1 0 3 0 2 2 0 4 4 4 3 4 4 4 0 1 2 3 0
2 0 2 3 0 1 2 0 1 1 1 0 0 2 4 4 4 1 0 2 2 2 0 1 3 3
0 0 1 2 3 2 2 0 3 0 2 0 0 1 4 4 4 3 0 3 3 2 3 2 3 0
0 0 1 3 3 4 4 4 1 3 1 2 0 2 2 3 0 2 0 3 3 3 2 0 2 3
2 1 1 3 1 4 4 4 1 0 0 0 2 1 0 2 1 1 2 1 0 3 0 0 1 2
1 0 1 3 0 4 4 4 1 3 2 2 3 0 1 2 3 3 3 0 2 1 2 3 1 0
2 2 2 3 1 0 3 3 3 0 3 1 1 0 0 3 3 1 3 2 4 4 4 0 3 0
1 2 1 3 3 2 0 3 0 1 3 2 3 3 1 3 1 1 0 1 4 4 4 0 2 3
1 2 1 1 0 2 0 3 1 2 0 0 0 2 0 1 0 3 3 0 4 4 4 2 2 1
2 3 2 1 0 2 1 2 1 0 2 2 1 0 0 0 1 1 1 1 3 3 1 1 2 0
3 1 1 2 2 0 1 2 3 1 2 1 2 2 3 0 0 1 1 0 2 3 0 1 0 1
0 0 3 2 2 2 2 3 1 3 3 0 3 2 3 3 2 2 1 3 3 1 1 3 0 0
0 3 3 1 0 2 2 1 3 0 2 3 1 2 2 2 3 0 1 1 0 1 0 0 3 2
0 1 0 1 2 2 1 0 2 1 2 1 2 2 2 2 0 3 1 0 3 0 1 0 0 0
2 3 0 1 0 1 3 3 0 1 2 1 1 0 1 2 2 0 0 1 1 3 1 0 2 3
0 2 3 0 2 2 0 1 0 3 2 1 1 0 0 2 2 3 1 3 1 3 3 0 1 3
0 0 1 0 1 2 3 2 2 0 3 1 3 3 0 3 0 0 2 3 1 0 0 3 3 4
5 4 4 4
27 28
2 2 1 0 3 0 1 3 1 3 1 3 0 3 2 0 0 0 4 4 4 4 1 1 2 3 1
2 2 1 2 2 1 2 3 2 3 3 3 0 3 4 4 4 4 4 4 4 4 3 0 0 3 0
2 0 2 2 0 2 2 2 2 3 1 1 3 1 4 4 4 4 4 4 4 4 4 4 4 4 3
0 0 3 2 1 1 2 1 1 2 2 1 2 2 4 4 4 4 4 4 4 4 4 4 4 4 2
1 3 0 1 2 1 2 0 2 0 1 0 1 2 4 4 4 4 3 2 2 0 4 4 4 4 3
1 1 1 1 0 1 3 1 0 2 2 2 0 0 2 3 2 0 1 0 2 1 4 4 4 4 3
2 3 3 3 0 3 1 1 1 3 2 1 3 1 3 2 1 2 1 2 3 3 2 1 3 3 0
2 2 0 3 0 0 3 1 1 1 0 1 0 0 1 1 3 0 2 3 0 0 2 2 1 1 0
3 0 1 1 1 1 3 1 0 0 2 2 1 2 3 2 2 2 4 4 4 4 0 0 2 2 2
3 0 3 1 1 0 3 1 1 0 3 2 2 1 1 4 4 4 4 4 4 4 1 4 4 4 4
3 1 3 0 2 1 1 2 3 0 0 2 3 0 3 4 4 4 4 4 4 4 3 4 4 4 4
3 3 1 0 1 0 3 1 3 1 2 1 0 0 3 4 4 4 4 4 4 4 1 4 4 4 4
2 0 2 1 0 4 4 4 4 0 2 1 1 2 2 4 4 4 4 3 1 3 3 4 4 4 4
2 0 2 3 1 4 4 4 4 0 1 0 0 1 1 1 1 1 1 0 0 3 2 0 3 0 1
0 3 4 4 4 4 4 4 4 0 3 2 3 2 0 1 3 0 0 0 0 0 2 2 2 3 1
3 0 4 4 4 4 4 4 4 0 1 0 2 3 3 2 2 2 0 3 2 3 3 3 1 3 0
1 4 4 4 4 4 1 1 1 3 3 3 3 3 2 1 2 3 2 3 1 4 4 4 4 3 1
3 4 4 4 4 4 2 1 0 1 2 0 3 1 1 3 1 2 0 1 1 4 4 4 4 3 0
3 4 4 4 4 3 2 3 0 1 1 3 1 3 1 1 3 1 0 2 2 4 4 4 4 3 0
2 4 4 4 4 2 2 1 3 3 1 0 2 3 3 1 3 3 3 1 3 4 4 4 4 2 1
0 2 1 2 3 0 1 3 0 1 1 0 3 0 1 0 1 0 3 2 0 3 1 0 0 2 0
0 1 3 1 3 1 2 3 1 1 2 0 2 0 0 0 2 1 3 2 1 2 1 3 2 0 1
0 0 2 3 2 2 0 0 0 1 3 2 2 3 0 2 1 3 1 1 0 2 0 2 2 1 1
0 1 0 2 2 3 2 3 1 0 0 2 0 3 1 2 1 3 0 4 4 4 4 1 0 2 1
1 3 1 1 0 0 3 2 2 2 3 2 1 3 1 1 1 0 3 4 4 4 4 2 3 3 3
0 2 0 0 3 3 1 1 1 1 2 1 3 3 3 1 4 4 4 4 4 4 4 1 2 2 0
1 0 2 1 0 3 2 0 0 1 2 3 2 1 2 1 4 4 4 4 4 4 4 2 1 2 3
2 0 2 2 3 1 3 0 0 2 1 0 0 0 2 0 4 4 4 4 0 3 3 1 1 0 4
8 7 3 3
28 28
1 2 3 3 3 1 0 4 2 4 3 3 2 3 3 4 4 2 2 0 4 2 2 3 4 2 1 4
1 3 1 2 2 0 3 4 4 2 4 0 4 4 4 2 2 0 3 0 1 0 2 2 3 2 4 2
4 3 2 3 4 2 3 2 2 3 4 4 1 4 4 2 1 0 2 1 4 3 3 0 2 2 3 0
4 2 0 2 0 0 4 0 0 4 4 4 0 0 0 1 2 4 0 1 0 1 2 3 4 2 3 4
3 1 1 2 1 2 2 0 0 3 3 4 4 3 1 0 3 4 4 1 2 3 4 2 4 3 3 1
1 3 2 4 1 0 4 3 3 3 0 0 1 4 3 0 0 0 2 0 0 0 3 4 4 0 4 2
4 4 4 2 2 2 3 0 1 3 1 2 0 0 2 2 1 3 2 1 1 0 4 0 4 1 1 1
0 1 4 2 3 2 0 4 4 2 3 3 1 2 4 1 1 4 1 2 0 0 0 4 4 3 4 3
3 2 1 1 3 4 4 0 3 3 0 0 0 2 4 4 1 2 1 2 1 0 2 0 0 4 4 0
4 3 0 3 0 0 3 3 4 4 0 2 0 4 1 3 4 2 1 4 2 0 4 0 3 2 3 0
1 4 2 4 4 3 2 4 0 3 2 4 0 0 3 1 3 4 0 0 1 4 3 0 2 4 2 2
4 3 2 3 4 4 1 1 1 2 2 4 0 4 0 2 0 2 4 1 1 3 2 0 2 2 1 0
0 0 3 1 0 1 0 3 3 2 3 2 4 2 3 2 1 0 4 3 3 4 2 1 2 0 0 3
3 1 1 1 3 3 3 2 0 0 0 1 3 2 2 3 0 2 3 4 0 3 3 4 0 3 0 2
3 4 2 1 2 0 3 2 1 1 1 0 1 1 0 3 4 0 3 3 4 3 1 0 2 0 3 4
0 0 0 0 4 1 1 1 3 2 1 2 0 0 1 0 1 0 4 3 4 4 0 2 1 0 4 0
4 1 1 0 2 2 4 4 1 4 4 1 2 0 0 0 4 3 2 2 2 0 1 0 1 1 3 1
2 1 2 1 2 0 3 0 3 2 1 0 2 3 4 4 2 4 0 3 1 3 2 2 1 4 1 4
3 3 0 2 0 1 1 2 0 3 3 3 1 0 4 4 4 0 0 4 3 4 1 2 3 1 1 4
0 0 4 2 3 0 1 0 1 4 0 1 0 2 2 2 3 3 1 3 3 2 2 3 3 4 0 3
2 2 2 2 1 0 3 1 2 4 2 1 4 2 0 4 0 3 4 4 1 4 0 2 1 1 1 0
1 4 1 2 2 0 4 1 2 1 0 4 1 0 1 0 2 4 4 0 3 3 0 4 0 1 3 4
4 2 3 2 1 0 1 0 0 3 4 3 3 2 0 3 0 1 3 4 1 3 3 1 3 4 0 2
3 4 2 1 3 1 3 3 0 1 2 0 1 3 1 1 1 1 1 3 0 3 3 4 4 4 3 0
1 1 0 2 1 3 4 0 3 4 3 1 0 4 2 4 4 3 3 3 2 1 4 3 1 0 2 0
0 1 4 0 1 4 1 4 0 2 1 2 1 1 1 0 3 2 2 1 4 1 3 4 0 0 0 4
0 4 2 3 2 2 4 3 2 4 3 3 1 3 2 2 2 4 3 0 2 4 1 0 1 1 0 3
2 4 3 4 2 4 2 2 2 1 1 3 2 3 1 0 3 4 4 2 4 2 4 0 1 1 1 4
4 4 2 2
28 29
3 2 3 2 3 0 3 4 3 4 1 2 3 1 1 4 4 0 0 1 4 1 1 2 4 0 0 4
3 3 1 2 0 2 2 4 4 2 4 3 3 4 1 1 3 2 0 0 1 2 2 3 0 0 2 2
4 1 2 1 4 1 2 0 0 1 4 4 1 4 1 2 2 0 0 1 4 3 0 0 0 3 2 2
4 3 2 1 1 3 4 3 2 4 4 4 3 3 2 3 2 4 1 3 0 3 2 0 4 0 1 4
2 2 0 1 3 1 0 0 1 0 1 4 4 2 0 2 3 4 4 3 3 0 4 0 4 1 1 2
0 0 1 1 1 2 4 2 2 2 3 0 2 4 3 1 0 0 2 3 3 2 2 4 4 2 4 0
4 4 4 3 1 1 1 1 2 2 1 0 2 0 2 3 3 2 3 3 3 1 4 2 4 2 2 2
1 0 4 1 1 0 2 4 4 2 3 0 3 2 4 2 3 4 1 2 0 2 2 4 4 2 4 1
1 2 1 2 0 4 4 0 2 3 1 0 3 1 4 4 1 1 2 3 1 2 0 1 0 4 4 3
4 1 3 0 3 1 2 0 4 4 1 3 2 4 1 0 4 3 1 4 2 0 4 2 0 2 3 3
2 4 0 4 1 0 1 4 2 3 3 4 1 0 2 3 1 4 0 2 0 4 2 2 0 4 3 1
4 0 3 1 4 0 1 0 0 1 3 4 0 4 1 1 0 0 4 2 3 0 3 0 1 1 0 2
0 3 1 0 0 2 2 0 1 2 1 2 4 3 1 3 2 1 4 1 2 4 0 0 2 2 0 2
2 2 1 3 1 2 3 3 2 1 0 1 3 0 1 3 1 3 1 4 0 3 3 4 3 1 1 3
1 4 3 2 2 0 1 0 3 0 0 1 0 2 1 0 4 3 3 0 4 3 2 1 2 1 0 4
2 0 0 2 4 2 1 2 3 0 1 1 3 1 1 2 0 1 4 0 4 4 2 3 2 3 4 2
4 1 1 3 2 3 2 4 0 4 4 1 3 2 0 1 4 0 2 3 1 0 3 1 2 3 3 0
3 0 1 1 2 2 1 2 1 0 2 1 3 2 4 4 0 4 3 3 0 0 2 1 0 4 3 4
1 3 1 2 3 0 3 1 3 2 1 2 0 3 4 4 4 3 1 4 3 4 3 1 3 1 1 4
2 2 4 1 3 2 2 3 0 4 2 0 0 2 1 2 2 1 2 2 3 1 1 3 3 4 1 3
3 3 2 1 3 0 2 3 1 4 2 1 4 0 2 1 3 2 0 4 0 4 3 0 1 3 2 1
2 4 1 1 3 2 4 3 2 2 0 4 3 3 2 1 0 4 4 3 2 2 3 4 1 3 0 4
3 1 0 1 2 3 3 0 1 1 4 1 3 2 3 3 3 3 1 4 2 2 2 2 3 1 2 2
1 4 0 2 0 2 1 3 3 0 0 0 1 2 0 2 1 0 2 2 1 1 0 4 4 4 2 3
3 0 1 3 0 3 4 0 1 4 0 3 2 4 3 4 4 0 3 3 3 1 4 1 1 0 3 3
0 3 4 2 0 4 1 4 1 2 1 3 3 2 2 0 1 2 3 0 4 0 0 4 0 1 0 4
3 4 1 3 1 1 1 2 1 1 1 2 3 3 3 3 1 4 3 3 0 4 1 2 3 2 2 0
3 4 0 4 1 4 2 1 2 2 2 2 3 0 1 3 3 4 4 1 4 2 4 3 0 0 3 1
0 3 0 1 2 3 3 2 1 1 4 2 2 2 1 2 1 2 3 1 4 4 1 3 0 3 3 4
5 6 7 3
29 9
2 2 3 2 3 3 3 0 0 2 1 3 1 2 2 3 2 0 0 0 2 2 3 3 0 1 2 3 3
1 2 3 0 2 0 2 1 3 2 1 2 3 2 2 0 3 0 0 2 3 4 2 3 3 1 0 3 3
3 3 2 3 3 2 2 3 0 2 4 0 3 1 1 0 0 2 1 1 1 1 1 1 2 1 3 3 1
0 3 0 1 0 1 1 2 3 2 0 2 2 2 1 0 2 0 3 3 2 1 0 3 0 2 0 0 0
0 2 0 2 2 0 0 0 0 0 3 0 3 0 0 0 2 3 0 1 3 3 2 2 1 0 2 0 0
0 2 3 2 0 0 0 2 3 4 2 0 0 3 3 1 2 1 3 3 0 0 2 2 3 0 0 1 3
2 2 0 2 2 4 2 1 1 2 0 3 2 0 2 3 2 2 0 1 1 3 3 3 0 0 0 0 1
3 3 1 0 3 3 3 0 0 3 2 1 2 0 0 0 1 2 3 1 1 0 0 1 1 1 3 1 1
3 1 3 1 1 3 2 1 2 2 2 0 0 0 3 3 0 3 0 2 1 3 2 2 1 2 3 3 4
2 9 3 7
7 30
2 4 4 4 0 3 2
2 4 4 4 0 3 1
0 4 4 4 1 3 2
1 2 2 2 1 2 0
2 3 1 2 2 4 4
3 0 4 4 4 4 4
0 1 4 4 4 4 4
1 2 4 4 4 1 0
2 0 1 0 0 2 0
2 3 4 4 4 2 2
1 1 4 4 4 0 2
2 1 4 4 4 0 2
1 0 2 1 0 2 3
4 4 4 1 1 2 2
4 4 4 0 0 1 1
4 4 4 3 1 3 3
3 3 0 3 2 0 3
0 0 3 1 4 4 4
1 2 4 4 4 4 4
2 3 4 4 4 4 4
3 2 4 4 4 2 1
2 4 4 4 2 3 1
3 4 4 4 3 3 1
2 4 4 4 3 2 1
3 2 3 0 0 1 1
0 1 0 2 0 2 3
1 1 3 4 4 4 3
3 2 1 4 4 4 1
3 1 3 4 4 4 2
0 0 3 0 0 2 4
8 3 3 7
29 9
0 2 1 2 3 3 4 0 0 0 1 0 1 0 2 1 0 0 1 3 2 0 2 0 2 3 2 3 0
1 2 1 1 2 1 1 2 1 2 4 0 3 2 2 2 3 1 0 0 4 4 2 3 1 3 1 2 3
1 1 3 1 3 1 0 2 0 2 4 3 3 2 1 2 0 0 2 0 1 0 0 1 0 3 1 1 0
1 0 2 0 2 1 1 3 1 1 1 1 1 1 1 3 2 0 3 3 0 0 1 3 3 2 1 1 2
1 1 0 4 1 3 0 0 1 1 3 1 0 1 1 2 0 0 2 1 1 1 3 1 0 1 2 2 0
1 3 0 3 4 0 2 0 3 4 3 1 2 0 1 1 2 3 3 4 3 2 2 0 1 0 0 3 0
0 3 2 2 2 4 2 3 2 0 3 1 2 3 2 2 1 1 3 0 1 3 1 4 2 3 0 3 3
3 3 2 2 2 0 0 1 3 2 2 1 2 1 0 0 3 1 2 1 0 3 1 3 1 3 2 0 0
2 3 2 2 3 3 2 0 1 1 2 2 4 0 2 3 1 2 0 3 0 2 0 2 1 2 1 3 4
6 9 8 2
27 28
1 3 3 0 2 0 3 4 0 4 0 2 0 2 3 4 4 1 2 0 4 3 2 1 4 0 1
4 1 2 3 3 2 3 1 4 4 2 4 0 4 4 4 3 1 1 3 2 3 3 3 3 3 3
4 0 4 0 2 2 4 0 2 1 1 1 4 4 2 4 4 3 3 3 1 1 4 3 3 1 3
2 3 2 4 1 0 2 3 2 4 2 1 4 4 4 3 3 2 2 0 4 1 1 1 3 3 3
4 0 1 4 2 1 3 3 0 0 3 0 2 1 1 4 4 2 0 1 3 4 4 0 1 2 4
1 4 3 0 2 1 2 1 4 2 1 4 3 2 1 2 0 3 4 3 1 2 3 0 3 0 0
3 4 4 2 4 2 4 4 4 1 2 0 3 3 1 0 2 0 0 1 2 3 1 1 2 0 1
2 4 3 4 3 1 2 3 2 4 0 0 2 1 4 4 2 4 3 2 3 4 1 2 4 0 2
1 0 3 4 4 0 4 0 1 0 0 3 0 4 4 0 3 0 0 1 3 2 4 4 2 0 1
3 3 3 1 0 2 4 4 3 4 3 1 1 2 1 3 0 4 4 1 1 2 4 0 0 4 0
1 4 0 3 4 1 1 3 0 3 0 4 2 4 4 2 2 4 1 2 0 4 3 2 1 2 1
4 0 3 2 4 0 0 1 4 3 0 4 0 3 2 4 4 0 3 1 3 2 4 1 4 4 3
2 0 4 3 0 2 3 1 1 3 0 0 2 2 3 0 1 2 1 2 0 1 0 3 4 3 3
1 0 2 4 1 0 4 3 0 0 2 1 0 0 3 2 0 1 2 2 0 0 3 3 3 2 0
2 1 3 1 0 4 3 1 3 4 2 0 3 3 3 4 2 2 0 1 1 0 2 2 2 2 3
2 1 1 4 2 0 1 4 3 1 3 2 1 3 4 3 2 2 0 4 3 3 2 2 2 2 1
0 0 3 3 2 3 4 3 4 4 3 3 3 2 4 3 4 3 3 0 0 0 4 4 1 4 4
0 1 0 1 2 4 1 0 2 1 0 3 0 1 1 1 3 0 1 3 3 0 2 2 0 3 0
3 3 3 2 4 4 0 4 0 2 2 0 3 3 1 4 0 4 2 0 3 3 0 3 1 1 0
2 0 3 2 3 4 4 4 1 1 4 3 4 0 3 3 3 1 4 0 0 4 2 1 1 1 3
0 4 1 2 3 3 1 2 1 3 3 0 1 1 3 3 3 4 3 2 3 3 0 1 0 4 0
2 1 4 3 2 4 0 1 4 2 4 4 4 1 4 0 2 3 0 3 0 2 4 1 1 1 3
4 3 0 3 0 4 0 1 3 1 0 4 4 2 0 2 1 4 0 1 1 4 4 0 0 0 1
0 0 3 2 2 4 2 1 2 1 1 1 0 2 4 1 0 3 2 0 4 0 2 1 4 1 2
2 3 3 3 0 2 3 0 3 1 1 3 2 3 1 2 0 2 0 4 4 4 1 4 0 0 4
0 1 2 4 2 1 4 1 2 1 4 2 4 4 0 3 4 1 0 4 0 2 3 2 3 3 1
4 1 3 4 0 4 2 0 3 0 3 3 4 3 3 1 3 3 4 3 0 4 0 0 1 4 0
4 3 2 3 2 4 1 3 4 0 1 3 2 0 3 3 4 2 1 2 4 0 1 2 0 1 4
7 1 3 6
29 28
2 1 1 2 2 1 3 1 1 4 3 1 3 3 3 2 4 0 1 1 2 4 1 1 1 0 4 4 2
1 4 2 1 0 4 2 4 2 3 2 0 0 1 2 0 1 1 2 2 2 1 0 1 4 2 3 2 1
0 2 1 1 1 2 0 1 1 4 1 3 0 2 2 0 3 3 4 3 4 1 3 2 2 1 3 2 3
2 4 1 1 0 0 2 0 3 1 0 2 2 2 3 1 2 2 0 4 2 1 0 3 3 3 2 1 0
3 3 1 3 3 0 3 0 4 0 0 3 1 4 0 4 3 1 4 2 1 2 0 2 3 0 2 1 1
1 1 0 3 1 1 0 2 2 2 1 1 1 1 3 4 2 3 0 2 2 2 1 1 0 2 2 3 0
3 4 0 1 2 1 1 4 4 1 3 1 0 1 4 1 3 2 0 3 0 3 0 4 2 2 3 2 0
0 1 3 1 3 1 3 4 4 0 2 3 1 1 1 4 3 0 3 1 2 4 0 4 2 0 2 1 2
1 3 3 3 3 1 3 3 0 3 0 0 1 0 2 4 4 2 0 4 0 1 1 0 1 0 2 1 1
2 3 0 2 1 2 3 2 3 0 1 3 3 4 2 1 3 2 0 0 0 3 3 1 3 2 3 2 4
0 4 1 0 1 1 3 2 1 1 2 2 3 1 2 3 2 4 0 0 0 1 3 4 0 0 1 3 0
2 2 1 0 4 3 1 3 0 3 3 2 4 4 0 4 0 3 3 3 2 0 2 2 4 1 2 0 3
0 2 4 2 0 2 2 2 2 2 0 3 3 1 2 1 0 0 2 3 2 4 4 0 0 4 3 0 0
2 1 3 0 2 0 1 1 3 0 1 2 0 2 1 0 0 1 4 0 1 4 2 2 0 1 0 4 1
4 3 4 0 2 2 2 3 3 1 0 1 2 1 0 4 4 0 3 0 4 0 4 1 2 2 3 3 3
4 1 0 1 2 0 3 3 2 3 2 3 1 1 4 3 0 3 3 4 3 1 0 4 4 0 2 2 1
0 2 1 4 2 4 1 1 2 1 3 3 3 0 1 0 3 1 4 2 2 2 2 3 4 0 3 4 2
1 4 2 3 0 3 4 4 0 3 0 1 1 1 2 3 2 3 3 3 1 2 2 3 0 0 2 3 1
2 2 1 0 3 0 2 4 4 2 1 0 2 3 4 0 2 1 2 2 3 1 0 2 2 0 1 1 2
4 3 4 0 2 0 0 0 1 4 3 4 0 0 0 0 0 3 4 2 2 1 1 2 3 0 3 0 3
3 4 3 4 0 2 0 3 0 2 3 3 4 4 0 1 1 2 0 2 0 1 0 0 4 0 0 4 1
1 1 1 2 3 1 0 4 4 1 4 2 0 0 1 3 0 4 2 2 4 4 1 0 4 1 3 1 1
2 4 4 2 1 1 2 0 1 2 1 0 3 1 2 0 2 2 0 3 1 1 3 2 2 2 4 2 2
0 0 1 0 2 4 3 4 0 3 0 1 0 0 1 0 3 2 1 3 0 2 4 0 3 2 4 0 3
0 2 0 2 3 2 2 4 1 0 3 3 1 0 3 1 0 1 0 2 3 4 1 3 2 1 2 0 2
0 1 2 3 1 0 3 3 2 0 4 4 3 0 0 2 0 1 4 4 3 1 4 0 0 2 1 2 1
2 1 1 0 4 2 1 4 0 3 2 4 1 4 1 3 1 2 1 4 2 2 4 3 4 1 4 2 3
0 2 1 0 1 0 4 0 0 1 4 3 2 0 1 0 0 4 3 2 2 2 0 0 0 2 0 2 4
7 3 8 6
2 8
0 2
3 4
0 1
3 4
4 3
3 4
4 1
4 4
2 7 4 5
27 29
0 2 0 1 3 1 2 0 2 4 0 2 3 3 1 1 1 3 0 1 1 4 2 1 3 0 4
4 3 3 4 0 1 2 4 2 4 1 3 2 0 2 2 3 1 2 0 3 0 2 0 0 2 4
0 1 0 1 2 0 0 1 1 3 1 0 2 1 3 2 0 3 1 0 3 0 4 0 4 2 0
0 0 3 0 0 1 2 2 2 0 0 1 1 1 3 0 1 2 0 2 2 0 1 2 2 4 2
2 1 1 3 3 1 3 2 0 0 2 2 3 0 1 2 0 0 0 1 0 4 3 4 0 1 4
3 0 1 0 1 1 0 3 3 0 0 2 1 1 3 3 0 1 1 0 1 3 1 1 3 4 1
3 2 2 3 0 2 0 1 3 2 3 2 0 4 2 3 3 2 0 4 0 3 0 1 1 3 4
1 3 3 1 3 2 1 1 4 3 0 2 1 1 0 1 1 0 3 1 3 4 4 1 2 0 1
1 3 4 0 0 1 1 2 4 2 4 3 2 2 1 2 1 1 0 3 3 3 1 2 3 3 2
3 0 1 2 4 4 3 0 1 3 2 2 2 3 1 3 2 1 0 0 1 0 2 0 1 1 1
2 3 1 1 4 2 0 3 2 3 2 0 2 1 1 1 2 1 2 4 3 4 3 3 0 3 3
1 1 1 2 2 3 0 0 2 2 4 2 0 3 1 1 4 0 1 2 3 1 1 0 2 3 4
1 2 2 1 1 1 2 4 4 1 4 2 1 1 2 0 0 1 2 4 0 3 2 3 3 2 4
0 1 2 1 3 2 2 0 3 1 0 3 3 1 0 2 3 0 4 0 2 1 4 1 2 2 0
0 0 3 2 3 1 3 3 0 1 2 3 0 3 0 0 3 4 1 0 4 2 0 0 1 2 4
3 4 0 4 2 0 2 1 2 2 3 2 0 0 3 3 4 4 3 0 3 2 2 4 2 1 0
2 2 1 4 0 0 2 2 0 3 2 3 2 0 3 3 1 4 1 3 0 3 4 2 3 3 4
4 0 0 0 1 2 0 2 4 0 4 2 3 2 0 2 2 0 3 1 2 0 0 4 1 3 1
2 1 0 0 1 4 1 1 4 2 3 1 1 4 4 1 1 0 1 1 3 0 3 2 3 3 2
3 0 1 0 2 0 3 0 1 3 3 3 3 2 1 0 4 4 0 0 2 3 2 4 1 2 3
3 2 2 2 3 3 2 2 2 0 3 4 0 4 0 3 3 2 3 3 1 3 4 2 0 0 2
2 0 4 2 0 3 1 1 3 2 1 3 3 0 4 1 4 0 0 2 1 3 3 2 2 4 4
3 3 1 3 0 0 0 2 1 0 4 2 1 4 2 0 0 2 1 3 2 0 0 4 3 4 2
2 2 1 2 3 4 2 1 4 4 2 0 4 0 1 3 2 3 4 4 0 1 3 2 2 0 1
2 1 0 3 0 0 0 3 2 2 1 0 0 2 3 1 4 2 2 1 3 3 0 0 4 2 4
1 2 2 2 3 2 1 1 1 2 0 1 1 2 4 1 0 3 4 1 3 2 0 3 0 1 0
0 4 3 3 3 3 0 2 0 3 3 2 0 2 3 4 1 1 2 1 1 0 1 1 0 2 3
0 0 3 0 3 1 4 4 2 1 3 0 0 1 4 3 0 3 4 1 3 2 0 0 3 0 0
1 0 4 2 3 4 1 2 2 4 3 4 3 3 0 2 0 4 0 1 4 0 4 1 4 0 4
7 1 5 1
29 26
0 2 0 3 3 1 3 2 1 4 0 0 2 3 1 0 3 3 3 2 0 0 2 0 2 2 0 4 3
0 0 1 3 0 4 3 1 1 1 3 2 3 3 1 1 2 3 0 0 2 2 1 3 2 1 2 0 2
3 0 3 2 1 1 3 2 3 2 0 1 2 0 2 1 3 1 2 3 2 2 2 2 1 0 1 2 3
2 0 0 0 3 3 3 2 1 0 2 0 0 1 0 3 0 0 0 3 0 3 0 3 0 1 2 1 2
0 3 0 0 2 2 2 2 1 2 1 3 1 2 0 0 0 3 0 2 2 0 3 2 2 0 1 2 0
1 0 2 0 0 0 3 2 1 1 2 1 2 3 2 1 2 1 3 1 1 1 0 0 3 1 1 1 0
1 4 3 2 2 1 0 3 0 1 0 0 1 3 0 2 0 1 0 1 0 1 2 2 1 3 0 0 3
0 1 3 2 0 2 2 3 3 1 1 2 1 3 3 4 0 3 0 3 0 3 0 3 2 1 3 1 2
0 1 1 2 0 2 2 2 3 0 3 1 3 1 0 1 4 2 3 0 1 3 2 2 1 3 1 2 1
0 0 3 3 3 0 1 3 3 1 1 1 0 2 3 2 2 3 0 3 3 1 1 2 1 1 2 3 4
2 0 1 3 2 0 0 2 0 2 1 3 1 3 2 0 3 3 2 0 1 0 0 1 3 1 2 2 2
0 0 2 2 2 3 2 2 1 0 2 0 3 4 2 3 3 1 0 3 0 3 3 0 1 3 3 2 0
2 3 0 3 3 0 0 2 3 1 1 0 2 2 2 1 1 2 3 0 0 2 0 3 1 2 0 2 1
1 3 0 2 1 3 3 1 0 3 1 3 1 0 1 1 0 3 1 3 0 4 1 2 1 1 1 0 2
2 1 3 1 0 1 1 3 2 2 1 2 1 2 2 1 0 0 3 1 3 3 3 1 3 3 3 3 1
0 0 3 2 2 2 2 1 1 2 3 1 3 1 0 1 1 0 3 3 3 0 2 3 0 0 0 2 2
1 1 2 1 1 3 2 1 2 0 3 2 3 3 3 3 2 3 0 0 3 3 1 3 1 2 3 0 0
0 4 0 3 1 0 3 0 0 1 2 0 2 2 2 0 1 3 3 0 2 0 1 2 1 0 0 2 3
3 3 0 2 0 1 1 0 0 0 0 3 1 0 0 3 3 2 0 0 3 3 2 0 0 2 2 1 0
2 3 3 2 0 0 3 1 3 1 0 1 2 3 1 0 1 2 2 2 2 2 1 1 3 0 3 2 1
3 1 0 0 1 1 3 0 2 1 2 1 3 0 2 0 2 2 1 2 0 1 2 3 2 2 1 0 1
1 1 1 1 2 1 3 1 4 1 2 1 0 1 0 1 0 2 0 1 3 3 1 3 3 3 3 0 1
2 0 0 3 0 3 3 0 0 0 0 1 3 2 2 3 2 2 3 2 1 2 3 0 3 3 2 3 3
3 3 0 2 1 4 2 3 2 2 2 3 2 2 1 3 3 2 2 0 1 0 2 1 3 2 2 0 3
3 0 3 3 3 1 1 2 1 2 3 1 3 0 2 0 0 0 1 0 1 0 2 3 2 3 3 3 1
0 3 1 0 2 0 3 0 3 2 1 1 2 0 1 2 1 1 0 2 1 1 4 2 3 2 3 3 4
2 6 5 6
28 26
0 0 0 0 0 0 1 1 1 1 0 0 1 1 1 1 1 1 0 0 1 1 1 1 1 1 0 1
3 0 0 0 3 0 0 0 0 0 3 0 1 0 0 0 0 0 3 0 1 0 0 0 0 0 3 1
3 4 0 0 1 3 0 0 3 3 3 0 1 0 0 0 3 3 3 0 1 0 3 3 3 3 3 1
3 1 0 0 0 0 0 0 0 0 3 0 1 0 0 0 0 0 3 0 1 0 0 0 3 0 0 1
3 0 0 1 1 3 0 0 0 0 0 1 1 0 0 1 0 3 0 1 1 1 0 3 0 1 0 1
3 0 0 1 0 0 0 1 3 0 0 0 0 0 0 1 0 3 0 0 0 1 0 3 0 0 3 1
3 1 0 0 1 3 0 0 1 3 3 3 3 3 3 3 0 0 3 3 3 3 0 0 3 3 3 1
3 1 0 0 0 1 1 1 1 0 3 0 0 0 3 0 3 3 0 0 0 3 0 0 0 0 0 1
0 1 1 1 1 1 1 0 0 0 3 0 0 1 1 3 0 1 3 0 0 3 0 0 1 0 0 0
0 0 0 0 0 0 0 0 3 3 3 0 0 1 0 0 0 0 1 3 0 3 0 0 1 0 0 0
3 3 3 3 3 3 0 0 0 0 3 1 0 0 0 0 0 0 0 1 3 3 1 0 0 0 0 0
3 0 0 0 0 0 1 1 0 3 3 1 0 0 0 1 1 0 0 0 1 0 1 0 0 0 0 0
3 1 0 0 0 0 0 1 1 0 0 1 1 1 1 1 1 1 0 0 0 0 0 0 0 0 0 4
3 1 0 0 0 0 0 0 0 0 0 0 0 0 0 0 0 0 3 0 0 0 0 3 0 0 0 0
0 1 1 1 1 1 1 0 3 3 0 0 3 3 3 3 0 0 3 1 0 0 0 1 3 0 0 0
0 0 0 0 0 0 0 0 0 0 0 0 3 0 0 0 1 0 3 1 0 0 0 0 1 0 0 1
3 3 3 3 3 3 0 1 3 0 0 0 0 1 1 1 1 0 3 0 0 0 1 1 0 0 0 1
3 0 0 0 0 0 1 0 1 3 0 0 0 0 0 0 0 0 3 0 0 0 1 0 3 0 0 1
3 1 0 0 0 0 0 0 0 0 3 3 3 3 3 3 0 0 3 0 0 1 0 0 3 1 0 0
3 1 0 0 0 0 0 1 0 3 3 0 0 0 0 0 1 0 3 0 0 1 0 0 3 1 0 0
0 1 1 1 0 0 1 0 0 0 0 1 1 1 1 1 1 0 3 1 0 0 0 0 3 0 0 1
0 0 0 0 3 0 1 1 3 0 0 0 0 0 0 0 0 0 3 1 0 0 0 0 3 0 0 1
0 0 3 3 3 0 1 0 1 3 0 0 3 3 3 3 0 0 0 1 0 0 1 0 0 1 0 1
0 0 0 0 3 0 1 0 0 0 0 0 0 0 3 0 1 0 0 0 3 0 1 0 0 0 3 1
0 1 0 3 0 1 1 1 0 3 0 0 0 0 0 1 1 0 0 0 0 1 1 0 0 0 0 0
3 0 0 3 3 3 3 3 0 0 3 3 0 0 3 3 3 3 3 3 3 3 3 3 3 3 3 4
9 2 3 8
28 27
1 1 3 3 3 4 4 4 4 3 1 1 1 3 3 1 1 1 3 1 3 1 3 3 3 3 1 1
1 1 1 3 3 4 4 4 4 3 1 3 3 1 3 1 1 3 1 1 3 3 3 3 3 3 3 3
3 3 3 3 1 4 4 4 4 4 1 1 3 1 1 1 3 3 1 3 3 1 1 3 3 3 3 3
1 1 1 3 1 4 4 4 4 4 3 3 3 3 3 3 1 3 3 4 4 4 4 3 3 3 1 1
3 3 3 3 1 1 4 4 4 4 1 3 1 3 1 1 1 1 1 4 4 4 4 4 3 1 1 3
3 3 3 3 3 3 4 4 4 4 4 4 4 4 3 3 3 1 1 4 4 4 4 4 3 1 1 3
1 1 1 3 3 1 1 1 1 3 4 4 4 4 3 3 1 3 1 4 4 4 4 4 1 3 3 3
3 3 1 1 1 3 3 3 1 1 4 4 4 4 1 3 1 1 3 3 4 4 4 4 1 3 3 1
1 3 1 1 3 1 1 1 1 1 4 4 4 4 3 1 1 1 1 3 3 1 1 3 3 1 1 1
3 1 3 3 1 3 1 3 3 3 4 4 4 4 1 3 1 3 1 1 1 1 3 3 3 1 1 1
1 3 3 3 3 1 1 3 3 3 4 4 4 4 1 3 1 1 3 3 3 3 1 3 3 3 3 3
3 1 1 1 3 1 3 1 1 1 4 4 4 4 1 3 1 1 3 3 1 3 3 3 3 3 1 1
1 1 3 4 4 4 4 3 1 3 1 1 1 3 3 1 1 1 1 3 1 3 1 1 3 1 1 3
1 3 1 4 4 4 4 3 1 3 3 3 3 3 3 1 3 3 3 3 1 1 1 1 1 3 3 1
1 1 1 4 4 4 4 3 1 1 3 1 3 3 1 3 1 3 3 3 3 3 3 3 3 3 3 3
1 1 3 4 4 4 4 3 1 3 1 3 1 3 1 3 1 1 4 4 4 4 3 1 1 1 1 1
1 1 1 1 3 1 3 3 3 4 4 4 4 3 1 3 3 3 4 4 4 4 1 1 3 3 3 1
1 1 3 1 1 3 3 3 3 4 4 4 4 1 1 3 1 3 4 4 4 4 1 3 3 3 1 3
1 3 1 3 3 3 1 1 3 4 4 4 4 3 3 3 3 3 4 4 4 4 1 3 1 1 1 3
1 1 1 3 1 4 4 4 4 4 4 4 4 3 3 1 1 3 3 3 1 1 1 1 1 3 3 1
1 3 1 3 1 4 4 4 4 1 3 1 1 3 1 3 1 3 3 3 3 1 3 3 1 3 1 3
3 1 3 3 3 4 4 4 4 1 1 3 1 1 3 3 1 1 3 1 3 3 1 1 1 1 1 3
1 3 3 3 1 4 4 4 4 1 1 3 3 1 3 1 3 3 3 3 1 3 1 3 1 3 1 3
1 1 1 3 3 1 3 3 3 3 1 1 1 1 3 1 1 1 1 1 1 1 3 3 3 3 3 1
1 3 1 3 3 3 3 1 3 3 3 3 4 4 4 4 1 3 1 3 1 1 1 3 3 3 3 1
1 3 1 3 1 3 3 1 3 1 3 1 4 4 4 4 3 3 3 1 3 1 1 1 1 1 3 1
1 1 3 3 3 1 3 1 1 1 3 1 4 4 4 4 3 1 3 3 3 1 3 1 3 1 3 4
5 6 5 7
29 30
1 2 0 1 1 3 1 1 0 3 0 1 2 2 3 2 1 3 1 2 4 4 4 0 0 1 0 1 1
2 1 2 3 0 3 3 1 3 0 3 3 0 1 1 0 1 2 2 2 4 4 4 3 2 0 0 0 2
1 0 0 0 2 1 1 1 1 0 3 3 3 1 0 4 4 4 0 0 4 4 4 1 4 4 4 1 2
1 2 1 1 1 2 3 1 3 3 1 3 3 0 3 4 4 4 3 2 3 3 0 3 4 4 4 3 3
3 1 3 0 3 0 2 0 3 3 3 3 2 2 2 4 4 4 1 1 2 1 2 3 4 4 4 0 0
0 0 2 2 1 3 1 1 1 0 3 1 1 2 0 0 0 0 1 0 0 2 0 0 3 3 1 0 2
0 3 3 2 1 1 3 2 1 1 0 0 0 0 1 2 1 3 3 2 1 3 2 2 2 2 2 3 1
0 3 2 3 2 3 0 1 1 0 0 2 1 3 0 0 2 3 0 3 1 2 3 0 1 3 0 1 2
0 2 0 2 1 0 1 2 3 1 2 0 0 2 2 1 2 1 0 2 4 4 4 0 1 1 2 0 0
0 1 3 2 0 2 1 3 2 3 0 2 2 0 2 0 1 3 1 2 4 4 4 1 0 0 2 1 1
2 0 1 3 0 0 2 1 1 2 1 0 0 2 3 1 4 4 4 3 4 4 4 3 2 4 4 4 0
3 2 1 2 0 2 0 0 3 2 2 0 1 3 1 2 4 4 4 3 2 2 2 2 3 4 4 4 0
0 3 0 0 0 3 2 1 2 0 2 3 1 2 0 2 4 4 4 3 1 0 3 3 1 4 4 4 3
3 3 3 2 2 4 4 4 0 0 2 3 2 1 3 2 2 0 1 3 2 2 3 1 3 1 3 2 1
1 2 1 3 0 4 4 4 2 1 0 3 3 3 3 3 3 1 0 1 2 1 1 0 1 3 3 3 1
1 3 4 4 4 4 4 4 0 1 2 3 0 1 1 1 1 0 3 1 3 3 3 1 2 3 3 2 3
1 1 4 4 4 3 3 1 2 2 2 0 1 2 2 0 3 0 2 3 2 2 0 0 0 3 2 2 2
1 4 4 4 4 0 1 1 1 1 0 0 3 3 1 1 3 1 3 3 1 1 3 2 1 0 2 0 3
1 4 4 4 2 3 2 0 2 0 3 0 3 0 3 0 0 1 3 0 3 3 1 4 4 4 3 1 2
1 4 4 4 3 1 0 1 0 0 3 3 0 2 0 1 1 0 0 3 2 1 1 4 4 4 3 1 2
1 0 2 3 1 3 0 0 1 3 3 0 0 3 3 3 3 0 0 3 1 0 2 4 4 4 0 1 3
3 0 1 2 2 0 3 0 1 1 0 2 2 0 3 0 0 3 0 1 3 2 1 0 1 2 0 1 2
0 3 0 1 3 1 1 1 3 1 3 2 0 0 3 2 3 0 1 2 0 1 2 3 1 1 2 3 0
3 0 0 1 0 1 3 1 1 1 1 2 1 2 3 1 1 2 0 2 0 3 3 0 2 3 2 1 0
0 0 2 2 3 3 3 0 1 0 0 3 3 0 3 2 1 0 0 3 2 3 3 3 2 0 0 2 2
3 1 2 3 1 2 2 2 3 3 0 0 2 2 2 0 1 3 2 2 4 4 4 3 3 0 3 0 0
3 0 0 1 1 3 1 2 3 0 1 0 3 3 3 0 1 3 0 3 4 4 4 0 1 0 2 3 0
2 0 0 3 2 3 1 0 3 2 0 2 0 1 3 3 3 4 4 4 4 4 4 1 2 1 0 0 1
2 1 2 0 1 2 0 2 2 0 3 2 3 3 1 0 3 4 4 4 0 3 0 0 2 0 1 0 3
1 0 0 2 1 2 3 2 0 2 2 3 2 1 3 0 2 4 4 4 1 1 2 0 1 2 2 1 4
3 1 6 4
28 28
2 2 0 0 0 2 2 2 2 0 2 2 0 0 0 0 2 0 0 0 0 0 0 2 0 0 2 2
2 0 2 2 0 2 0 2 2 0 2 2 2 2 2 2 2 2 0 2 2 2 2 0 2 0 2 2
0 0 0 0 0 0 2 0 2 0 2 0 0 2 0 0 2 0 2 0 2 0 2 2 2 0 0 2
2 2 2 0 0 2 0 0 2 0 0 0 2 0 2 2 0 2 0 0 2 2 0 0 2 0 2 2
2 2 2 2 0 0 0 0 2 0 2 2 0 2 0 2 0 0 0 2 4 4 4 4 2 0 0 0
0 2 2 0 0 0 0 2 0 0 2 2 2 2 2 2 2 0 2 2 4 4 4 4 0 0 2 0
0 2 2 2 2 2 2 2 0 0 2 0 0 2 0 2 2 0 2 2 4 4 4 4 0 2 2 0
0 0 2 0 2 0 0 2 2 0 2 0 2 2 0 0 2 2 0 0 4 4 4 4 2 2 0 0
0 0 2 0 2 2 0 2 2 0 2 2 0 0 2 0 0 0 0 0 2 0 0 2 2 0 0 2
2 2 2 0 2 2 0 0 2 0 4 4 4 4 0 0 2 2 0 0 2 0 0 2 2 0 0 2
0 2 0 0 0 2 2 2 2 2 4 4 4 4 2 2 0 0 2 0 0 2 2 2 2 2 2 2
0 0 2 0 2 0 0 0 2 0 4 4 4 4 2 2 2 2 2 2 2 2 0 0 0 0 2 0
2 2 2 2 0 0 0 2 2 2 4 4 4 4 0 0 2 2 2 0 0 2 2 2 0 0 2 2
2 0 2 0 2 2 2 2 0 2 0 0 0 0 0 2 2 0 2 2 2 0 2 2 2 2 0 2
2 2 2 2 0 0 0 0 2 2 0 0 0 0 2 0 0 0 0 0 2 0 2 2 2 0 2 0
2 2 0 2 0 2 0 2 0 0 0 2 0 2 2 0 2 0 2 0 2 0 0 2 2 0 0 0
0 0 2 2 0 2 0 0 2 0 2 2 0 0 0 2 2 2 2 0 0 0 2 0 0 0 2 2
0 2 0 0 0 2 2 0 0 4 4 4 4 0 0 2 0 2 0 0 0 0 0 2 0 2 2 2
0 2 0 2 0 2 2 2 0 4 4 4 4 2 0 0 0 2 2 0 2 2 0 2 2 0 0 2
0 2 2 2 0 2 2 0 2 4 4 4 4 2 0 0 0 0 0 2 0 0 2 2 2 2 2 0
2 0 2 0 2 4 4 4 4 4 4 4 4 0 2 2 0 0 2 2 0 0 0 0 2 2 2 2
0 2 0 2 2 4 4 4 4 0 2 0 0 0 0 0 2 0 0 0 2 0 0 2 2 0 2 2
0 2 0 2 2 4 4 4 4 2 0 0 2 2 0 0 0 0 2 2 0 0 0 0 2 2 0 2
0 2 0 0 0 4 4 4 4 0 0 2 2 2 0 0 0 0 0 2 0 0 2 2 2 0 0 0
2 2 0 0 2 2 2 0 2 2 2 2 2 0 0 2 0 2 0 2 0 0 2 2 2 0 2 0
2 2 0 2 0 0 0 0 2 0 2 0 0 2 0 0 0 2 0 0 0 0 2 2 0 0 0 2
2 2 0 2 0 0 0 0 0 0 0 0 0 2 0 0 0 0 2 2 2 0 2 0 0 0 2 0
2 0 0 2 2 0 0 0 2 2 0 0 2 2 0 2 0 2 2 2 0 0 0 2 2 0 2 4
6 6 9 7
26 27
4 3 3 3 3 1 1 4 3 4 2 2 2 2 0 4 4 0 2 1 4 1 3 2 4 2
1 4 2 1 2 0 0 0 1 4 4 0 4 0 4 4 4 1 3 2 0 2 3 1 2 3
3 3 4 3 4 2 0 3 4 3 0 0 3 0 4 4 2 4 4 3 0 2 2 1 4 2
1 2 2 2 3 1 4 3 1 3 0 0 4 4 3 4 4 4 3 0 2 0 2 4 3 0
2 0 1 3 4 1 0 4 2 3 1 1 2 3 2 0 2 1 1 4 4 2 1 1 0 4
4 3 2 0 4 1 4 2 2 1 1 1 2 4 3 3 4 3 0 3 1 2 3 4 2 2
2 2 1 1 3 1 0 4 4 1 4 2 4 4 4 2 2 1 1 1 2 2 3 1 2 0
0 3 1 2 1 1 3 2 4 2 4 0 0 0 3 1 4 3 0 2 2 4 4 0 4 1
0 3 4 2 1 4 2 3 3 3 2 4 4 3 4 1 2 1 2 2 3 4 4 0 3 2
0 1 2 1 4 4 1 2 3 3 0 2 3 3 1 4 4 2 4 2 1 3 1 0 2 0
4 4 0 2 0 4 0 1 4 2 0 4 0 0 4 2 2 1 0 2 0 4 1 4 4 2
3 4 1 2 2 4 3 1 2 0 4 4 1 2 0 4 2 3 1 4 1 0 4 1 3 3
4 4 0 2 3 2 1 4 0 4 4 2 3 0 4 3 2 2 2 1 3 0 0 3 2 1
0 0 4 2 1 2 3 3 2 2 4 3 1 0 0 0 4 0 3 4 1 0 2 2 2 2
0 3 2 2 1 3 0 1 3 3 1 2 0 2 1 3 3 0 3 4 2 2 0 4 2 1
2 1 0 4 0 0 1 0 1 2 0 0 1 0 2 3 1 3 4 0 1 1 4 0 1 2
0 1 3 4 1 0 0 1 4 1 2 1 2 0 2 1 0 3 0 0 1 1 4 3 4 4
2 3 0 2 4 3 4 3 2 2 1 2 4 4 3 4 4 3 3 0 0 0 4 3 1 0
3 3 2 3 3 0 2 3 1 1 0 1 3 0 0 1 1 0 1 0 1 2 4 4 3 4
1 1 2 0 2 0 4 4 1 4 2 3 3 1 0 0 1 1 3 0 3 2 2 2 4 4
4 3 2 4 0 4 1 1 0 3 0 4 2 1 4 1 1 3 4 2 3 4 3 0 3 0
1 3 1 3 0 1 1 2 2 3 3 4 3 3 1 0 2 1 3 4 3 0 3 4 3 3
4 3 1 4 2 4 4 4 3 4 2 4 3 1 0 2 1 4 2 2 1 2 4 3 1 3
2 4 2 0 0 3 2 4 4 3 0 3 1 4 3 3 1 4 4 2 1 2 0 2 3 2
1 2 4 1 1 3 1 1 2 0 0 4 1 3 3 2 0 4 0 2 1 4 0 0 1 2
0 1 2 1 2 3 3 1 1 3 3 1 2 0 3 1 3 4 4 4 0 4 3 1 4 0
2 3 4 3 2 4 1 0 3 4 1 4 4 0 3 4 1 0 4 1 2 0 1 1 1 4
3 7 3 6
29 27
2 0 1 1 2 1 1 3 2 1 1 2 3 0 0 0 0 0 3 1 4 4 4 4 4 3 1 2 3
2 2 1 1 1 3 1 2 2 0 2 3 0 1 2 4 4 4 4 4 4 4 4 4 4 2 3 2 1
3 1 1 2 0 0 1 2 2 0 1 1 3 1 0 4 4 4 4 4 4 4 4 4 4 4 4 4 4
2 2 2 3 1 1 2 0 2 3 1 2 0 3 1 4 4 4 4 4 4 4 4 4 4 4 4 4 4
3 2 2 0 0 2 0 3 3 2 2 3 0 1 0 4 4 4 4 4 4 4 4 4 4 4 4 4 4
0 3 2 2 1 1 3 2 2 2 1 2 1 1 3 4 4 4 4 4 0 2 0 0 4 4 4 4 4
1 3 0 3 1 3 2 2 0 0 2 1 2 1 1 1 2 0 2 1 3 2 0 1 4 4 4 4 4
1 3 2 3 0 3 2 2 3 0 3 2 1 2 1 1 0 1 0 1 1 0 2 3 1 1 1 2 1
1 1 0 3 2 1 2 1 3 3 2 0 1 3 2 2 1 2 2 0 4 4 4 4 4 3 1 1 0
0 0 0 3 1 0 0 0 2 2 0 2 2 1 1 2 4 4 4 4 4 4 4 4 4 4 4 4 4
0 2 3 2 3 2 0 3 2 0 3 1 1 2 2 0 4 4 4 4 4 4 4 4 4 4 4 4 4
3 0 2 2 0 3 0 3 2 3 3 1 1 2 0 3 4 4 4 4 4 4 4 4 4 4 4 4 4
2 3 2 1 0 4 4 4 4 4 2 1 2 1 0 1 4 4 4 4 4 4 4 4 4 4 4 4 4
1 0 4 4 4 4 4 4 4 4 1 2 2 3 3 3 4 4 4 4 4 2 0 1 2 4 4 4 4
0 1 4 4 4 4 4 4 4 4 2 0 3 0 3 1 1 0 1 3 2 3 1 3 2 2 3 0 2
3 4 4 4 4 4 4 4 4 4 0 1 3 1 2 0 3 3 3 0 1 1 3 0 3 1 1 2 1
1 4 4 4 4 4 4 4 4 4 3 2 3 1 2 1 0 1 3 0 0 3 2 4 4 4 4 4 2
0 4 4 4 4 4 4 2 0 2 1 2 2 0 3 0 0 1 1 3 3 0 2 4 4 4 4 4 2
2 4 4 4 4 4 1 2 3 0 2 2 2 0 1 1 2 2 0 3 0 2 0 4 4 4 4 4 3
0 4 4 4 4 4 0 1 2 2 0 3 3 3 2 3 3 1 2 3 2 3 1 4 4 4 4 4 1
1 3 0 3 0 0 0 2 1 2 1 0 2 2 2 1 2 1 1 1 2 2 2 4 4 4 4 4 0
1 1 1 0 0 1 3 2 3 3 3 0 2 2 1 2 0 1 0 2 3 0 3 3 2 0 0 3 0
1 3 2 2 3 0 3 2 3 0 3 3 1 0 1 1 2 0 0 1 4 4 4 4 4 1 3 0 1
3 2 1 2 1 3 2 1 1 1 0 0 1 1 0 0 1 2 2 1 4 4 4 4 4 0 0 3 2
0 0 2 3 0 2 3 1 2 3 1 3 1 2 2 1 2 0 3 1 4 4 4 4 4 0 0 2 2
2 0 3 1 2 3 1 1 2 3 1 0 3 3 2 0 0 3 3 1 4 4 4 4 4 3 3 2 3
1 2 0 3 2 1 0 1 2 2 1 1 0 1 0 1 0 3 1 2 4 4 4 4 4 1 0 3 4
8 2 5 4
30 8
1 2 1 2 2 0 2 0 1 3 1 2 3 2 0 2 2 2 3 2 0 0 3 3 2 3 2 3 2 1
1 3 3 2 2 0 0 0 2 0 1 1 2 1 0 3 2 2 1 0 0 4 4 4 3 2 2 1 2 2
1 3 0 2 0 0 2 3 3 2 4 4 4 2 0 0 3 0 2 2 3 4 4 4 1 3 1 2 3 0
0 2 2 2 0 0 3 0 2 2 4 4 4 0 1 0 1 3 1 3 2 4 4 4 1 3 1 3 1 1
3 1 1 2 3 1 2 0 3 4 4 4 4 2 2 2 2 2 1 0 2 0 3 0 0 1 0 1 0 1
1 2 3 3 0 4 4 4 2 4 4 4 0 0 1 0 1 2 1 2 2 1 0 1 1 3 2 1 2 0
2 3 0 0 1 4 4 4 2 4 4 4 3 3 2 3 0 1 2 3 3 1 1 1 0 2 0 1 3 1
0 0 3 1 3 4 4 4 2 1 3 2 3 2 2 3 0 0 1 3 0 0 2 1 1 3 0 0 0 4
9 4 2 5
26 8
1 0 3 1 1 4 1 1 0 2 2 2 3 3 1 0 3 1 2 2 3 1 3 1 1 2
3 3 1 2 1 3 1 3 3 4 1 3 1 2 0 2 3 0 4 3 0 1 0 1 1 0
1 2 0 3 1 0 2 1 1 4 2 2 1 1 0 1 3 0 0 1 1 2 2 1 0 2
3 1 0 4 0 0 3 0 3 0 1 1 0 1 2 1 0 2 2 3 0 1 3 1 1 3
2 2 2 3 0 2 0 1 4 1 1 3 2 1 0 1 1 4 1 0 0 1 0 0 2 3
3 3 0 3 1 4 3 3 3 0 0 3 3 2 0 2 2 3 3 1 1 3 1 3 3 2
0 3 0 1 2 2 1 3 0 3 2 2 2 3 2 3 2 3 0 1 0 0 2 1 2 2
3 0 1 3 0 3 2 2 3 0 0 4 0 0 2 2 2 2 0 1 2 1 3 0 3 4
8 9 8 6
26 30
1 1 1 2 1 1 1 1 1 4 2 2 2 1 2 2 2 1 1 1 2 2 1 2 1 2
2 4 1 1 1 1 2 2 4 1 2 1 2 2 2 2 2 2 1 2 1 1 2 2 2 2
2 1 2 1 2 1 2 1 2 1 2 1 1 1 2 2 1 1 1 2 1 1 2 1 2 1
2 1 2 1 2 1 2 2 1 1 1 2 2 2 2 1 1 1 2 2 1 2 1 1 2 1
2 2 1 1 2 2 1 2 2 2 1 2 1 2 2 2 2 2 1 2 2 2 1 2 1 1
2 2 1 2 2 2 1 2 1 1 1 1 1 2 2 2 1 1 1 2 2 1 2 1 2 2
1 1 2 1 4 1 2 2 1 1 2 2 2 1 2 2 2 2 2 4 1 2 1 2 2 1
1 2 2 2 2 1 1 2 1 2 1 2 2 2 1 4 2 2 2 2 1 1 2 1 1 2
2 1 4 2 1 1 2 2 1 2 4 1 1 1 2 2 2 2 1 1 2 2 1 2 1 2
2 2 1 2 2 1 2 2 1 1 1 2 1 1 4 1 2 1 2 1 2 1 2 1 1 1
1 2 2 2 1 2 1 1 1 1 2 2 1 2 1 2 2 2 1 2 2 1 1 1 2 1
2 2 1 4 1 1 2 1 2 1 1 1 2 2 1 2 2 2 1 1 1 2 1 2 2 2
2 4 2 2 1 1 2 1 1 2 2 4 2 1 2 2 1 1 1 2 4 1 1 1 2 1
2 2 2 2 2 1 1 1 1 1 2 1 1 1 1 1 2 1 2 1 2 1 1 1 1 2
2 2 2 2 2 1 1 2 2 2 1 1 1 1 2 1 1 1 1 2 1 1 2 2 1 2
2 2 2 1 1 1 2 2 4 2 1 2 1 1 1 1 1 2 1 2 2 2 1 1 1 2
1 1 2 1 2 2 2 2 2 1 2 1 1 1 1 1 2 2 2 4 2 2 2 1 1 2
1 1 1 1 2 1 1 2 2 1 2 1 1 1 2 2 2 1 1 1 1 1 2 2 1 2
2 2 1 1 2 2 2 2 2 2 2 2 2 2 1 1 2 2 1 1 1 2 2 2 2 2
4 2 1 2 2 4 2 2 1 1 2 2 2 2 2 2 1 2 2 1 2 2 1 1 1 2
2 2 1 1 1 1 1 1 1 2 2 2 2 1 2 2 2 1 2 1 2 1 1 1 2 1
1 1 2 1 2 2 2 1 1 2 1 2 2 2 1 1 1 1 2 1 2 2 2 4 1 2
2 1 2 2 2 1 1 2 2 1 1 2 1 2 1 1 1 1 2 1 2 2 1 2 2 2
1 1 1 1 2 2 2 2 1 4 1 1 2 1 2 2 2 2 2 4 2 1 2 1 2 2
1 1 4 1 1 1 2 2 2 2 1 2 1 2 1 2 4 2 1 1 2 1 2 1 2 1
1 1 2 2 1 2 1 2 1 2 2 2 2 2 2 1 1 1 2 1 2 1 4 1 2 1
2 1 1 1 1 1 2 1 2 2 2 2 1 2 1 1 1 2 2 2 2 1 1 2 2 1
1 1 2 1 2 1 2 2 1 2 2 1 1 1 1 4 2 2 1 2 2 1 2 2 1 1
2 2 2 1 2 1 2 1 1 2 1 1 1 2 1 2 2 2 2 4 1 2 1 2 2 2
2 1 1 1 1 1 1 4 1 1 2 2 1 4 1 1 1 1 1 2 2 2 1 2 1 4
8 7 6 8
27 30
0 2 1 2 0 3 0 4 2 4 0 0 3 1 3 4 4 0 3 3 4 3 2 2 4 1 1
4 3 2 0 2 2 2 2 4 4 3 4 1 0 4 0 3 2 0 1 2 0 0 1 1 2 2
1 2 4 3 3 0 4 1 3 2 0 2 4 4 0 4 1 2 3 1 1 2 4 3 3 2 0
1 1 1 4 2 2 1 3 3 4 3 3 4 4 4 3 2 1 1 3 4 3 1 1 1 2 0
4 1 2 4 2 0 3 3 2 2 2 0 1 2 1 4 4 3 1 2 2 4 4 2 2 1 4
0 4 3 3 1 2 2 1 4 2 1 4 1 0 3 0 3 3 4 1 3 0 2 1 2 1 2
3 4 4 1 4 3 4 4 4 1 0 0 1 1 1 0 0 3 2 2 1 3 0 0 2 0 3
1 4 3 4 2 3 1 3 3 4 0 2 2 1 4 4 3 3 0 1 1 4 0 1 4 3 1
1 3 1 4 4 1 4 3 2 1 0 0 3 4 4 3 0 0 0 1 2 3 4 4 2 0 3
1 3 0 3 3 3 4 4 1 4 2 3 2 0 3 3 3 4 4 0 1 3 4 2 2 4 3
0 4 2 1 4 2 2 3 0 0 2 4 0 4 1 0 1 4 2 3 3 4 0 1 2 2 2
4 3 3 3 4 3 2 2 4 3 3 4 1 2 1 4 2 1 3 2 2 0 4 0 4 2 1
1 1 4 0 1 3 3 3 1 3 3 3 0 3 3 0 2 1 2 1 1 0 1 3 4 0 2
1 1 3 4 0 0 4 3 0 1 3 1 2 1 0 1 1 1 3 0 2 0 2 1 0 1 2
2 2 3 2 2 4 2 2 3 4 1 2 2 0 3 4 1 2 0 2 0 3 1 2 3 3 3
1 2 3 4 2 3 3 4 2 1 2 0 3 1 4 1 1 2 0 4 1 0 3 2 3 0 0
2 2 2 3 0 3 4 2 4 4 0 3 0 0 4 1 4 0 3 1 2 2 2 4 1 4 4
3 3 2 3 1 4 3 0 2 1 0 3 2 2 0 0 1 2 3 2 2 3 2 2 0 3 0
0 2 3 1 4 4 2 4 2 3 3 2 3 1 1 4 0 4 3 3 3 3 1 0 3 3 0
2 0 1 0 1 4 4 4 0 3 4 3 4 1 3 2 3 1 4 3 1 4 0 0 3 3 2
0 4 3 0 3 2 2 1 2 3 2 3 2 1 2 3 3 4 3 2 1 1 0 0 1 2 1
1 3 4 3 2 4 2 2 1 3 1 2 4 1 4 0 3 1 3 0 0 3 4 0 3 2 0
4 2 0 3 3 4 2 3 3 0 1 4 4 2 2 3 3 4 0 0 0 4 0 1 0 0 2
3 0 0 1 1 4 3 3 3 2 2 3 1 1 4 3 2 1 3 1 0 0 3 3 4 1 1
0 2 2 3 3 0 2 1 1 1 1 1 1 3 1 0 1 1 2 4 4 4 3 3 2 2 3
0 1 1 4 1 0 4 0 2 2 4 3 4 4 1 0 1 1 1 4 0 1 0 1 3 1 3
4 2 2 4 2 4 0 3 3 2 2 0 0 2 2 3 3 1 4 2 1 4 2 1 1 4 2
4 3 3 1 1 4 2 1 0 2 3 2 0 1 0 2 4 0 2 0 4 2 1 0 1 2 3
2 4 2 4 2 4 0 3 1 0 3 0 2 2 0 2 3 4 4 2 4 2 4 1 0 0 1
0 1 3 0 2 3 4 1 1 2 3 4 1 1 1 2 0 0 2 2 3 4 4 1 1 1 4
2 1 2 7
27 26
3 0 2 0 1 3 1 1 2 1 1 0 3 2 2 0 0 2 0 0 1 3 3 3 3 3 3
2 1 1 1 0 2 2 0 3 0 3 2 1 3 3 0 0 0 3 2 2 1 1 3 1 2 0
2 2 3 1 3 0 0 3 2 3 1 3 1 0 0 2 2 0 3 2 0 0 2 0 2 0 2
2 0 3 2 1 0 0 3 3 0 0 1 3 3 2 1 3 3 2 4 4 4 2 3 3 2 2
0 3 0 3 2 2 3 0 0 1 0 0 0 2 0 1 1 2 3 4 4 4 2 1 2 3 3
2 1 2 3 0 1 3 0 2 3 0 1 1 2 3 0 1 0 0 4 4 4 3 2 2 2 2
0 2 2 2 2 2 2 2 0 1 3 2 0 3 0 1 1 2 1 2 0 1 2 0 3 2 1
3 1 2 2 3 3 1 2 3 2 2 2 0 3 3 2 2 0 3 0 0 2 0 0 0 3 3
3 3 2 3 2 3 0 3 0 4 4 4 1 2 1 2 0 1 1 2 0 3 2 1 2 2 3
1 2 2 2 1 1 0 1 2 4 4 4 1 0 2 3 1 3 2 1 1 0 3 1 1 2 1
3 2 3 0 2 3 1 3 1 4 4 4 1 0 3 1 1 2 0 1 1 2 0 0 0 0 0
2 3 2 1 2 2 3 3 0 2 3 3 0 2 3 2 3 1 1 3 2 2 3 0 1 1 2
2 2 1 1 1 0 1 3 0 1 2 0 2 3 0 3 1 3 3 0 3 3 0 1 0 1 3
3 3 0 3 1 3 2 0 2 2 3 1 1 0 0 2 0 2 2 0 2 3 1 0 2 0 1
0 1 2 0 0 0 1 1 3 3 3 2 3 2 0 3 1 2 3 2 2 2 3 1 0 3 1
2 2 1 0 3 1 1 1 4 4 4 0 0 0 2 2 3 0 2 2 3 3 0 0 2 0 0
3 1 1 0 1 2 3 1 4 4 4 2 0 1 0 1 2 0 1 1 3 3 3 3 2 1 1
3 1 0 1 0 3 2 2 4 4 4 2 2 1 1 3 2 3 0 2 1 3 0 2 2 0 2
2 0 3 2 1 1 0 3 1 0 2 0 3 1 3 0 3 1 2 0 3 3 1 2 2 2 3
2 3 1 1 0 4 4 4 2 2 3 2 2 3 3 2 0 2 0 0 2 0 2 0 2 3 1
1 1 0 2 0 4 4 4 2 2 2 3 2 3 2 3 0 3 3 2 1 3 0 3 3 2 2
1 0 1 3 0 4 4 4 3 2 3 3 3 0 3 1 1 0 3 2 2 0 2 2 2 1 0
1 0 3 2 1 0 1 3 3 1 1 2 0 2 3 1 0 2 3 1 2 0 2 3 0 2 1
0 3 3 0 1 2 0 2 0 1 3 1 0 2 0 1 0 1 2 3 3 2 0 3 1 1 3
1 1 1 1 3 0 1 1 0 0 2 0 0 3 0 1 2 0 0 1 0 2 2 1 1 1 0
3 3 1 1 1 3 0 1 0 0 2 0 3 3 1 3 3 0 1 0 2 1 2 2 2 2 4
1 7 6 7
27 30
3 3 0 2 0 4 4 3 3 3 0 1 1 2 3 2 0 3 1 0 0 2 2 2 2 1 3
1 3 2 3 2 4 4 2 2 0 0 2 3 0 1 3 0 3 2 3 3 0 0 1 0 0 1
3 2 0 3 2 3 3 2 0 3 1 1 1 0 0 0 1 2 2 0 2 2 0 3 2 3 1
0 0 3 0 2 0 2 1 3 1 0 2 0 1 3 1 2 0 2 1 3 0 2 3 0 1 1
3 3 1 1 0 2 0 0 3 3 3 2 3 0 0 0 1 0 4 4 4 3 3 1 1 3 3
0 1 3 0 1 3 1 2 2 3 4 4 0 2 1 0 2 2 4 4 4 3 1 2 3 3 1
1 1 3 0 0 1 3 1 2 1 4 4 1 0 3 2 2 2 2 1 2 0 2 0 0 1 1
1 1 2 1 2 1 3 1 1 0 2 3 3 1 2 1 3 0 2 1 3 2 1 2 3 0 1
2 3 2 2 0 0 1 3 3 3 0 3 3 3 1 3 3 3 2 1 3 2 3 1 3 3 0
1 3 3 0 1 0 2 0 2 4 4 1 0 1 1 1 1 3 1 3 1 3 1 1 1 3 0
3 3 0 2 1 0 3 3 0 4 4 2 2 0 2 3 2 3 2 1 3 1 0 0 1 3 3
0 3 3 3 3 1 0 1 2 0 0 2 3 3 2 0 1 3 0 0 3 1 0 0 1 3 0
1 3 3 1 1 2 0 2 2 2 3 1 0 2 1 0 3 3 0 2 0 1 3 3 0 2 2
3 2 1 4 4 2 2 3 2 2 3 1 3 3 0 0 0 0 0 1 1 3 3 0 3 0 3
3 3 0 4 4 0 3 1 1 3 3 0 3 0 3 3 0 3 1 1 2 0 0 1 2 3 3
3 2 1 1 0 3 3 2 3 3 1 1 2 3 3 3 1 2 1 1 3 1 3 2 0 0 2
0 2 1 1 1 1 0 2 1 2 0 3 2 1 3 2 2 3 0 0 0 3 1 2 3 1 1
0 3 2 1 0 0 1 3 0 2 3 1 3 1 0 2 3 4 4 0 0 2 1 2 1 3 1
1 1 0 1 1 1 2 1 4 4 1 3 3 2 1 1 3 4 4 2 0 2 2 1 3 2 3
1 2 2 2 3 0 1 0 4 4 1 0 1 3 3 0 0 0 0 0 1 1 2 0 2 0 0
3 3 1 1 0 1 0 2 3 0 2 1 3 3 2 0 3 2 2 1 1 3 3 0 3 0 1
1 2 1 0 0 4 4 2 2 0 1 2 0 3 0 3 1 3 2 1 3 1 3 2 0 3 2
0 0 3 2 0 4 4 1 3 1 3 1 0 1 0 1 1 3 2 3 1 2 2 2 3 2 2
1 2 3 2 1 0 3 0 1 1 0 2 2 0 3 3 3 1 1 0 2 0 1 2 1 1 3
3 0 2 0 1 2 3 1 3 0 1 0 2 3 3 2 2 3 1 1 2 0 3 0 0 3 0
0 3 0 1 2 0 0 1 1 2 2 1 1 0 1 1 0 2 2 0 3 0 2 3 3 0 0
3 1 2 0 0 1 2 2 0 3 1 4 4 0 0 1 0 0 1 1 1 1 2 1 0 1 1
3 0 2 3 3 0 2 1 0 0 0 4 4 2 2 1 2 2 1 1 3 0 2 3 3 2 0
2 0 1 0 2 3 1 3 1 1 0 3 2 3 2 2 3 2 0 3 2 0 3 1 1 0 2
1 3 0 2 2 0 1 2 1 0 2 1 0 0 0 1 1 2 3 3 0 3 0 1 0 2 4
1 2 7 7
27 28
0 3 0 1 2 1 1 4 1 4 2 3 3 1 0 4 4 3 1 0 4 0 2 1 4 3 3
4 2 0 2 1 2 0 1 4 4 0 4 1 4 4 4 0 3 0 3 3 3 0 1 0 0 1
4 2 4 1 2 1 4 3 3 1 2 2 4 4 0 4 4 3 2 2 2 0 4 1 2 2 2
2 1 3 4 1 0 3 0 0 4 2 1 4 4 4 2 1 2 3 1 4 2 1 3 1 3 0
4 2 0 4 2 0 0 3 3 2 2 3 1 3 3 4 4 3 1 0 0 4 4 2 1 3 4
0 4 3 2 3 3 3 2 4 3 2 4 2 1 2 1 0 0 4 0 0 0 0 2 2 0 2
3 4 4 0 4 2 4 4 4 2 2 2 0 2 0 3 0 3 1 1 3 3 2 0 3 1 3
1 4 1 4 0 0 1 3 3 4 2 0 3 2 4 4 1 2 0 0 3 4 0 3 4 1 1
3 3 3 4 4 2 4 3 2 0 2 2 1 4 4 1 0 1 0 0 1 0 4 4 2 0 1
2 3 2 0 1 0 4 4 3 4 3 3 1 0 3 3 1 4 4 2 3 3 4 0 3 4 3
2 4 3 3 4 0 0 3 1 0 3 4 1 4 4 1 2 4 0 3 0 4 1 3 0 0 1
4 3 1 0 4 2 1 2 4 2 1 4 3 2 3 4 4 0 0 1 0 2 4 3 4 1 2
1 2 4 3 1 2 0 1 2 0 0 0 1 0 2 0 2 2 0 2 3 3 3 2 4 3 2
2 3 1 4 0 3 4 0 0 0 2 1 3 3 0 1 3 2 2 3 3 1 2 1 1 3 0
2 0 2 1 1 4 1 2 2 4 3 0 0 2 1 4 3 2 1 1 0 0 0 1 2 0 2
0 1 1 4 1 2 2 4 2 1 0 1 0 1 4 0 0 3 1 4 0 0 1 0 3 3 3
1 2 2 3 3 3 4 3 4 4 1 1 3 3 4 3 4 1 2 0 1 3 4 4 3 4 4
2 3 3 0 1 4 2 2 1 2 3 0 3 1 0 0 0 2 3 3 1 1 0 1 1 3 3
1 0 2 3 4 4 1 4 0 3 0 2 0 2 0 4 0 4 1 1 0 1 3 1 0 1 3
1 0 3 2 1 4 4 4 1 0 4 1 4 3 3 2 3 0 4 1 3 4 2 3 1 2 0
3 4 1 0 3 1 2 1 0 0 1 2 3 3 0 3 3 4 3 1 3 3 0 1 2 3 2
0 0 4 0 0 4 1 2 4 3 3 4 4 1 4 0 2 1 0 1 3 0 4 2 0 0 1
4 2 0 0 1 4 0 3 2 1 3 4 4 1 0 0 1 4 1 0 0 4 4 3 1 0 1
0 2 2 2 1 4 1 1 3 1 3 3 1 1 4 3 2 0 0 1 4 3 0 0 4 3 2
1 3 1 1 3 1 1 1 0 1 1 0 3 1 2 2 1 3 0 4 4 4 3 1 1 1 2
3 2 2 4 0 1 4 3 0 2 4 3 4 4 2 3 0 0 2 4 2 1 1 1 2 3 2
4 0 2 4 2 4 0 3 1 2 3 1 2 3 0 0 1 2 4 1 0 4 1 1 0 4 3
4 2 2 1 1 4 1 1 4 3 3 2 2 3 1 2 4 3 0 2 4 1 3 2 1 1 4
4 5 4 4
28 26
0 0 1 0 0 1 1 0 1 4 1 1 1 0 0 1 1 0 0 1 1 1 1 1 1 1 0 4
0 0 0 1 1 0 4 0 0 0 0 1 0 0 0 0 1 0 1 1 0 0 0 0 1 4 1 0
1 1 1 1 0 1 0 0 1 1 0 1 0 0 0 0 1 0 0 1 4 0 0 1 1 1 0 0
1 0 0 0 0 1 0 0 0 1 0 0 1 1 1 0 0 1 1 0 0 1 4 1 1 1 0 1
1 0 1 0 0 0 0 0 0 1 0 1 1 0 0 0 1 1 1 4 0 0 1 0 0 1 0 1
1 1 1 0 1 0 0 1 1 1 0 1 1 1 1 1 1 1 1 0 4 1 0 1 1 0 1 0
0 0 0 1 1 1 1 4 1 1 0 0 1 4 1 0 1 1 0 0 4 0 1 0 0 1 0 0
0 4 0 0 1 0 0 1 1 0 0 0 1 0 4 4 1 0 0 1 1 0 4 1 0 0 1 0
0 0 0 1 0 1 0 1 0 1 1 1 0 1 1 0 1 0 0 0 1 1 1 1 4 0 1 0
1 0 1 0 0 1 1 0 0 1 1 1 1 0 0 0 1 0 1 0 0 1 4 0 0 0 0 0
0 1 1 1 1 1 1 1 1 4 1 4 0 0 1 1 0 1 1 1 1 1 1 0 0 1 1 4
1 1 0 1 1 4 0 0 1 1 1 1 0 1 1 4 1 0 0 0 0 1 0 0 4 0 4 1
0 0 1 0 0 1 0 0 1 1 0 0 1 1 4 0 1 1 1 0 1 1 1 0 1 1 1 1
0 0 0 1 0 4 0 1 0 4 0 1 1 0 1 0 1 1 0 1 0 1 1 1 0 0 0 0
0 0 1 0 1 0 4 1 0 0 0 0 4 1 4 0 0 1 1 0 1 0 1 0 0 0 1 1
0 4 4 0 1 0 1 1 0 0 1 1 1 1 1 4 0 1 1 1 1 1 0 1 0 0 0 0
1 1 0 0 0 0 4 1 0 0 4 1 0 0 0 0 0 1 1 4 1 0 1 1 0 0 0 0
1 0 1 0 0 1 4 1 1 0 0 0 0 1 0 1 0 0 4 1 0 0 0 4 4 0 0 0
0 0 1 1 1 1 1 1 0 0 1 1 0 1 0 1 1 0 0 0 1 0 1 0 1 4 1 0
1 1 1 0 4 1 1 1 1 0 0 0 1 0 0 1 0 1 0 4 0 0 0 0 1 0 0 1
0 1 0 0 0 0 1 1 1 4 0 0 0 0 1 1 1 1 0 1 1 4 1 0 1 1 0 0
0 1 1 1 1 4 0 1 0 0 1 0 0 0 1 1 4 1 0 4 0 0 0 0 0 1 1 1
1 4 1 4 0 0 0 0 0 1 4 0 0 4 1 1 0 1 0 1 0 0 1 1 4 1 1 0
0 0 0 1 1 0 0 0 0 0 0 1 0 0 1 1 0 0 0 0 4 1 0 1 0 0 1 0
4 0 0 1 0 0 0 0 1 0 1 0 0 0 0 0 1 4 1 1 1 4 0 0 1 0 1 1
0 1 1 4 1 0 1 1 0 0 1 0 1 0 0 1 0 4 1 1 0 1 1 1 1 0 0 4
8 5 8 7
4 7
1 1 4 0
3 4 1 4
0 4 2 2
1 2 2 4
3 2 4 3
2 3 1 1
4 2 0 4
5 8 7 4
30 28
3 2 3 2 3 3 4 4 4 4 4 3 2 3 3 3 3 3 2 2 2 2 2 2 3 2 2 3 2 3
3 2 2 3 3 3 4 4 4 4 4 3 3 2 2 3 3 2 3 3 3 3 3 2 3 3 2 2 2 2
3 2 2 2 3 2 4 4 4 4 4 2 3 2 3 3 3 2 3 2 3 3 3 2 2 3 3 3 3 2
2 3 2 2 3 2 4 4 4 4 4 2 3 3 3 2 3 3 3 3 3 3 2 3 2 2 2 3 3 3
2 2 2 3 3 3 4 4 4 4 4 2 3 2 2 2 3 2 2 2 2 4 4 4 4 4 3 3 2 3
3 2 2 3 2 2 4 4 4 4 4 4 4 4 4 4 2 2 2 2 3 4 4 4 4 4 3 2 2 2
3 2 3 2 2 3 4 4 4 4 4 4 4 4 4 4 2 3 2 3 3 4 4 4 4 4 3 3 3 2
2 3 3 3 3 2 4 4 4 4 4 4 4 4 4 4 3 2 3 3 2 4 4 4 4 4 3 3 2 2
3 3 3 3 3 3 3 2 2 3 3 4 4 4 4 4 3 2 3 2 3 4 4 4 4 4 3 3 2 3
3 3 2 3 3 2 3 2 3 2 4 4 4 4 4 4 3 3 3 2 3 2 2 2 2 2 3 3 3 3
3 2 3 3 3 2 2 2 3 2 4 4 4 4 4 3 3 3 2 2 3 3 3 2 3 3 2 2 3 2
3 3 2 2 2 2 3 3 3 3 4 4 4 4 4 3 3 3 3 2 2 2 3 2 2 2 3 3 3 3
3 2 2 4 4 4 4 4 3 3 4 4 4 4 4 3 3 3 2 2 3 3 3 3 3 2 3 3 2 3
2 3 2 4 4 4 4 4 2 2 4 4 4 4 4 2 2 3 2 3 2 3 2 3 3 2 3 3 3 3
3 3 2 4 4 4 4 4 2 2 2 2 3 2 2 3 3 2 3 2 2 2 3 2 2 3 3 3 3 2
3 3 3 4 4 4 4 4 3 3 3 2 2 3 2 2 3 2 2 3 2 3 3 3 2 3 3 3 2 3
3 3 3 4 4 4 4 4 2 2 3 3 2 2 3 2 2 3 3 4 4 4 4 4 3 2 2 3 2 2
2 3 2 3 2 3 2 3 3 4 4 4 4 4 2 3 3 3 3 4 4 4 4 4 2 3 2 2 3 3
2 3 3 2 3 2 2 3 3 4 4 4 4 4 3 2 2 3 2 4 4 4 4 4 2 2 2 2 2 2
2 3 3 2 3 3 2 3 2 4 4 4 4 4 3 3 2 3 2 4 4 4 4 4 4 4 4 4 4 3
2 2 3 2 2 4 4 4 4 4 4 4 4 4 3 3 2 3 3 4 4 4 4 4 4 4 4 4 4 2
2 3 3 2 3 4 4 4 4 4 4 4 4 4 3 3 3 2 2 3 2 2 2 3 4 4 4 4 4 3
3 2 2 3 2 4 4 4 4 4 3 3 3 3 2 2 3 2 2 2 3 2 3 3 4 4 4 4 4 2
3 3 3 3 3 4 4 4 4 4 3 3 2 3 3 2 2 2 3 3 2 3 3 2 4 4 4 4 4 2
2 3 2 2 3 4 4 4 4 4 3 3 3 3 3 2 3 3 2 3 2 3 2 2 3 3 2 2 3 3
3 3 2 3 3 2 3 2 2 3 2 3 2 4 4 4 4 4 2 3 3 3 3 3 2 3 2 3 2 2
3 3 2 3 2 2 3 2 3 2 3 3 3 4 4 4 4 4 2 2 3 3 2 3 3 3 2 2 2 3
2 3 3 3 3 2 2 2 3 3 3 3 2 4 4 4 4 4 3 2 3 2 2 2 3 3 2 2 2 4
9 8 9 8
26 26
2 0 0 0 2 4 4 4 4 4 4 3 3 2 2 0 3 0 1 1 3 0 3 3 2 3
2 1 0 1 2 4 4 4 4 4 4 2 0 1 0 2 2 1 2 0 1 2 3 0 2 2
2 0 3 1 0 4 4 4 4 4 4 1 2 0 3 2 2 2 2 3 0 3 1 0 3 1
0 1 3 2 1 4 4 4 4 4 4 3 0 1 3 0 3 1 4 4 4 4 4 4 1 2
2 0 1 3 2 4 4 4 4 4 4 0 3 1 2 1 1 0 4 4 4 4 4 4 0 1
1 0 1 0 2 4 4 4 4 4 4 4 4 4 4 3 3 2 4 4 4 4 4 4 1 3
3 1 3 0 3 4 4 4 4 4 4 4 4 4 4 1 0 1 4 4 4 4 4 4 0 0
3 2 1 0 3 4 4 4 4 4 4 4 4 4 4 1 3 3 4 4 4 4 4 4 0 2
2 0 2 0 3 3 1 3 1 4 4 4 4 4 4 1 1 3 4 4 4 4 4 4 3 0
3 2 0 1 1 1 3 3 1 4 4 4 4 4 4 0 0 1 0 2 0 0 3 1 2 3
1 0 2 3 1 3 3 0 2 4 4 4 4 4 4 3 1 1 2 0 2 2 0 1 3 3
2 1 0 4 4 4 4 4 4 4 4 4 4 4 4 1 0 1 0 2 3 0 2 0 0 1
1 1 3 4 4 4 4 4 4 4 4 4 4 4 4 2 0 0 3 3 2 0 2 0 1 3
3 3 3 4 4 4 4 4 4 4 4 4 4 4 4 3 0 1 1 2 1 3 0 0 1 1
2 1 2 4 4 4 4 4 4 0 0 3 0 0 2 0 2 3 2 2 3 2 3 1 2 1
3 2 0 4 4 4 4 4 4 4 4 4 4 4 2 2 0 4 4 4 4 4 4 2 3 1
2 3 0 4 4 4 4 4 4 4 4 4 4 4 1 2 3 4 4 4 4 4 4 2 0 1
0 1 3 1 3 3 0 0 4 4 4 4 4 4 2 1 1 4 4 4 4 4 4 1 2 2
0 3 1 2 0 3 2 3 4 4 4 4 4 4 0 2 1 4 4 4 4 4 4 4 4 4
0 2 2 1 0 4 4 4 4 4 4 4 4 4 0 0 1 4 4 4 4 4 4 4 4 4
3 1 1 0 1 4 4 4 4 4 4 4 4 4 0 3 1 4 4 4 4 4 4 4 4 4
3 2 0 1 0 4 4 4 4 4 4 1 2 3 1 3 3 2 1 1 2 4 4 4 4 4
0 1 3 3 3 4 4 4 4 4 4 3 0 3 1 0 3 0 2 1 0 4 4 4 4 4
1 2 2 0 3 4 4 4 4 4 4 4 4 4 4 4 4 0 2 1 0 4 4 4 4 4
2 3 1 3 1 4 4 4 4 4 4 4 4 4 4 4 4 0 2 3 3 3 1 2 3 2
3 2 3 0 3 3 1 3 0 3 2 4 4 4 4 4 4 2 2 1 3 2 1 0 3 4
5 8 5 8
0 0
