29 29
1 3 1 3 1 3 3 0 3 3 1 2 1 2 3 0 1 0 1 0 2 2 2 0 3 3 2 2 3
1 2 0 0 3 0 0 2 1 0 3 2 1 1 0 2 0 0 2 3 3 1 0 0 0 2 3 0 3
1 2 3 0 2 3 2 0 0 1 1 0 0 1 2 1 0 1 3 3 1 0 4 4 4 4 4 4 0
2 1 0 3 2 1 3 3 0 1 1 0 2 2 1 2 2 1 3 3 1 2 4 4 4 4 4 4 2
3 1 1 1 3 2 0 3 3 0 3 0 2 2 0 0 0 3 2 3 0 2 4 4 4 4 4 4 1
0 1 2 3 2 0 1 1 1 2 0 2 3 2 0 0 2 1 3 2 0 1 4 4 4 4 4 4 0
1 3 0 0 3 3 0 2 4 4 4 4 4 4 1 1 3 3 0 2 2 1 4 4 4 4 4 4 4
0 2 2 3 0 3 2 2 4 4 4 4 4 4 1 1 3 0 1 2 3 3 4 4 4 4 4 4 4
2 1 1 3 0 2 3 2 4 4 4 4 4 4 1 1 2 0 1 1 0 3 0 1 0 4 4 4 4
0 0 0 1 0 3 1 1 4 4 4 4 4 4 2 1 1 3 4 4 4 4 4 4 0 4 4 4 4
1 0 0 1 0 1 1 3 4 4 4 4 4 4 0 1 2 0 4 4 4 4 4 4 1 4 4 4 4
0 0 3 1 2 1 4 4 4 4 4 4 4 4 0 1 1 3 4 4 4 4 4 4 1 4 4 4 4
0 1 0 0 2 2 4 4 4 4 4 4 2 2 2 1 0 0 4 4 4 4 4 4 3 2 2 0 1
1 3 0 1 3 3 4 4 4 4 4 4 3 0 0 2 0 1 4 4 4 4 4 4 0 0 3 0 2
0 3 0 3 1 1 4 4 4 4 4 4 1 2 2 3 0 0 4 4 4 4 4 4 3 3 3 2 2
1 1 3 0 3 3 4 4 4 4 4 4 2 3 0 3 1 3 1 3 3 3 3 1 2 0 0 1 1
1 3 2 3 0 1 4 4 4 4 4 4 2 1 2 2 2 1 3 4 4 4 4 4 4 3 4 4 4
0 1 2 3 1 3 1 1 3 0 2 1 2 2 3 1 3 1 0 4 4 4 4 4 4 2 4 4 4
1 2 0 2 0 2 2 1 3 3 1 1 1 0 1 0 0 1 1 4 4 4 4 4 4 2 4 4 4
2 0 3 1 2 1 0 1 2 0 3 2 2 3 2 3 3 2 3 4 4 4 4 4 4 0 4 4 4
2 3 2 1 1 4 4 4 4 4 4 1 0 0 3 3 4 4 4 4 4 4 4 4 4 2 4 4 4
1 2 1 3 1 4 4 4 4 4 4 3 0 0 1 1 4 4 4 4 4 4 4 4 4 3 4 4 4
0 0 2 0 1 4 4 4 4 4 4 2 1 0 0 2 4 4 4 4 4 4 0 2 2 1 2 1 1
0 0 0 0 2 4 4 4 4 4 4 3 3 3 2 3 4 4 4 4 4 4 3 3 3 2 0 0 1
3 1 2 3 1 4 4 4 4 4 4 3 2 3 1 3 4 4 4 4 4 4 1 1 3 0 0 3 3
2 3 0 3 4 4 4 4 4 4 4 0 3 2 2 1 4 4 4 4 4 4 2 0 3 1 2 2 0
0 2 3 1 4 4 4 4 4 4 2 2 0 1 0 0 1 1 0 3 3 1 1 4 4 4 4 4 4
0 3 3 0 4 4 4 4 4 4 1 1 3 2 0 2 1 4 4 4 4 4 4 4 4 4 4 4 4
1 1 2 2 4 4 4 4 4 4 0 1 1 0 2 2 0 4 4 4 4 4 4 4 4 4 4 4 4
6 7 7 4
28 26
0 2 2 0 2 1 2 3 1 0 2 2 2 0 0 3 3 3 0 0 1 2 2 2 3 3 1 0
0 4 0 2 4 2 2 2 1 0 2 1 0 2 1 2 2 0 4 0 1 1 1 0 1 1 3 0
3 2 2 2 2 0 4 0 2 3 0 2 1 3 0 0 3 1 1 4 1 2 4 0 0 1 2 2
1 2 0 2 1 0 1 3 0 4 2 4 2 3 0 0 1 1 4 2 4 4 1 1 0 4 2 0
2 2 1 3 1 1 2 2 0 2 1 0 3 1 3 2 4 1 2 2 0 0 0 2 1 1 3 0
0 4 0 4 3 1 4 0 2 3 2 3 0 2 2 1 3 4 3 0 1 0 1 0 0 1 3 3
2 4 0 4 3 3 0 1 1 4 3 0 1 1 3 3 0 4 1 1 3 1 0 0 2 3 2 2
4 1 3 3 4 0 4 0 0 0 0 2 2 2 2 3 1 3 1 0 1 4 0 3 3 2 3 2
4 1 1 0 3 2 4 3 2 0 0 0 0 1 4 2 4 0 2 0 4 0 3 0 0 4 2 1
2 1 3 2 3 1 0 4 0 2 1 3 0 3 0 1 3 4 2 0 4 0 3 0 0 0 2 0
2 1 1 0 2 2 4 2 0 0 1 3 1 3 4 2 3 3 1 2 3 0 0 2 2 3 3 1
1 1 1 1 1 2 1 0 4 1 0 3 0 1 3 3 1 0 1 2 0 1 3 4 0 1 0 4
3 1 2 3 1 0 2 2 3 4 0 0 3 2 0 3 1 0 2 3 2 2 2 1 2 4 4 1
0 4 0 1 3 0 1 4 2 3 3 0 1 1 2 2 0 3 0 0 3 2 0 1 2 3 3 1
2 1 2 1 3 1 2 3 1 4 0 2 1 3 3 1 3 3 3 2 3 2 0 0 3 2 1 1
1 2 2 4 1 4 2 1 2 1 0 2 3 0 2 1 3 1 3 2 3 0 1 2 0 1 2 0
2 3 2 4 3 3 2 3 2 4 2 1 2 3 2 3 2 3 1 3 3 0 2 1 1 0 1 1
2 2 0 3 0 4 2 0 1 1 3 0 0 0 1 0 2 2 2 0 0 3 3 4 2 0 2 2
2 3 3 2 0 3 3 3 0 2 0 0 2 3 4 3 3 0 2 2 3 3 2 3 2 4 0 3
1 0 0 0 2 3 3 3 1 3 1 1 0 0 1 0 1 3 1 3 0 1 0 4 3 3 0 4
2 2 2 1 1 1 0 0 3 3 0 3 2 3 0 0 4 1 3 3 2 3 0 0 1 2 2 2
0 0 1 2 4 1 3 3 2 4 2 2 2 0 1 1 0 2 3 3 3 0 3 3 3 3 3 3
2 2 1 2 1 2 2 3 2 4 2 2 2 4 1 2 2 2 1 1 0 0 2 3 0 0 1 3
2 3 3 1 1 0 1 3 2 2 2 3 3 0 0 4 0 1 0 1 1 1 2 1 0 0 1 1
0 1 0 1 2 4 0 4 1 4 3 1 3 2 0 0 2 0 0 0 1 4 2 2 0 1 0 1
0 3 1 3 4 4 4 3 0 0 0 0 0 2 3 1 1 3 1 1 2 4 1 0 3 2 4 4
5 3 7 2
29 26
3 3 2 3 2 4 2 3 3 3 2 2 2 3 3 2 2 3 3 3 3 2 2 3 2 2 2 3 3
3 2 2 3 4 3 3 2 3 3 2 3 3 3 3 3 3 2 2 3 3 3 2 3 3 3 3 2 2
4 2 2 2 2 3 3 2 3 2 3 2 3 3 3 2 4 3 2 3 2 2 2 3 2 3 3 4 2
2 2 3 2 2 2 2 3 2 3 3 3 3 2 2 3 3 2 3 2 3 3 3 3 2 3 3 2 2
3 3 3 2 4 2 3 3 2 3 4 3 3 2 3 2 3 3 3 2 2 3 3 3 2 3 3 3 3
3 3 2 3 2 2 2 3 2 3 3 3 2 2 2 2 3 2 2 3 3 3 3 3 4 3 2 3 2
2 3 2 2 3 2 2 2 3 3 2 2 2 3 2 2 3 2 4 3 3 2 2 3 3 3 2 2 2
2 3 4 4 3 3 2 3 2 2 3 3 2 2 4 3 3 2 4 2 3 2 3 3 3 3 4 2 4
2 3 2 2 2 3 2 3 3 2 3 2 3 2 3 3 2 3 2 3 2 3 4 2 4 3 2 4 3
2 3 3 2 2 3 3 3 2 3 3 2 3 3 2 3 2 2 2 2 3 3 3 2 3 2 3 3 2
3 2 2 3 3 2 2 4 3 2 3 2 2 3 3 3 3 4 2 2 2 4 2 2 2 2 4 2 2
2 3 2 2 3 2 2 2 3 3 2 2 2 4 3 2 4 3 4 2 2 2 2 2 3 2 4 2 3
3 2 2 3 2 3 2 2 3 3 3 3 3 2 2 2 2 3 2 3 3 2 3 3 2 3 3 3 3
2 2 3 2 2 2 2 3 3 4 2 3 2 3 3 2 2 2 2 4 3 3 2 2 2 3 2 3 2
3 3 2 3 3 2 3 3 2 2 2 3 3 3 4 4 2 2 2 3 3 3 2 3 3 2 2 3 3
3 2 3 3 3 3 3 2 2 3 3 2 2 2 3 2 3 2 2 2 3 3 3 3 3 3 2 2 2
2 3 2 2 2 2 2 2 3 2 2 3 3 3 4 2 2 3 2 2 3 3 2 3 4 2 3 3 2
2 3 3 2 2 3 3 2 2 3 2 2 2 2 2 3 2 3 3 3 2 2 4 3 4 3 2 3 3
3 3 3 2 2 2 4 2 3 4 2 2 2 2 3 2 2 3 3 3 2 2 2 3 3 2 3 3 2
3 3 2 3 3 3 2 2 3 3 3 3 3 3 2 3 3 3 2 3 3 3 3 2 2 2 2 3 3
3 3 3 3 4 2 2 4 3 4 3 2 2 3 3 3 2 2 3 3 3 3 4 2 3 3 3 2 3
2 2 3 3 2 3 2 3 2 3 3 3 3 2 3 3 3 3 2 2 3 2 2 4 2 2 3 2 4
2 3 2 3 2 3 3 2 2 3 2 2 2 2 3 3 3 3 2 3 3 4 2 2 2 2 2 3 2
2 2 3 3 3 2 3 2 4 3 3 3 2 2 2 2 2 3 2 2 2 3 3 2 3 3 2 2 2
2 2 2 2 2 3 3 3 2 2 3 2 3 2 2 2 3 2 3 2 3 2 3 2 2 2 2 3 3
2 3 2 2 2 2 2 2 2 2 4 3 3 3 3 3 4 3 3 3 3 4 3 2 3 3 3 2 4
8 9 5 6
7 27
1 3 2 0 3 1 2
0 4 2 0 1 3 2
1 1 2 1 3 3 3
0 3 2 3 4 1 2
3 1 3 1 4 0 2
2 2 2 2 3 2 1
3 1 2 1 3 3 3
2 2 3 1 2 2 1
2 1 3 0 2 1 3
0 1 0 0 1 3 0
1 1 2 3 2 0 0
2 0 3 0 3 0 2
2 2 3 0 2 0 0
0 0 0 1 0 3 1
3 0 0 1 1 1 3
1 0 1 1 1 0 0
1 0 3 1 2 1 2
2 3 0 3 2 3 2
3 0 1 1 1 2 0
0 3 0 1 2 3 3
2 0 0 0 1 4 3
3 3 3 1 2 0 2
1 2 3 1 3 1 0
3 2 3 1 1 2 0
2 2 1 3 3 3 2
0 4 2 3 0 1 3
3 3 3 4 2 1 4
6 2 7 8
28 29
1 3 3 0 1 1 2 1 1 0 3 4 1 1 2 2 3 0 1 2 3 1 3 1 0 1 3 3
3 4 0 2 4 2 0 0 0 0 1 0 2 1 3 1 0 2 4 1 0 1 1 1 0 0 1 0
1 3 3 1 3 3 4 3 0 3 2 3 3 3 3 2 2 3 3 4 0 2 4 3 3 2 0 1
0 0 2 0 3 1 3 3 3 4 0 4 2 3 0 3 1 3 4 0 4 4 0 0 2 4 3 0
3 2 1 2 1 3 3 2 1 1 3 0 3 0 3 0 4 3 1 0 2 1 0 1 2 0 0 3
3 4 1 4 1 1 4 0 2 0 2 2 2 1 1 3 1 4 1 1 0 0 2 2 0 0 2 1
0 4 1 4 3 2 1 1 1 4 2 0 3 3 1 0 0 4 3 0 1 3 0 2 3 2 0 1
4 0 2 2 4 2 4 3 1 3 0 0 0 1 3 1 3 2 3 1 2 4 2 1 3 2 2 1
4 0 0 0 3 1 4 0 1 1 3 0 2 1 4 0 4 0 1 2 4 1 3 0 3 4 1 2
2 0 2 0 2 1 1 4 1 1 1 2 0 0 1 2 1 4 0 3 4 2 0 0 1 3 1 0
0 0 3 0 1 2 4 0 2 3 2 3 2 1 4 3 2 3 2 0 0 3 2 3 3 2 0 3
0 0 0 2 2 0 2 0 4 2 3 2 1 3 0 0 3 1 1 1 0 1 1 4 2 0 2 4
1 3 1 2 3 3 2 2 1 4 2 2 3 0 0 2 2 0 2 0 0 2 2 3 0 4 4 3
3 4 0 1 0 2 2 4 1 1 1 3 1 1 2 2 1 3 1 1 1 1 2 1 0 0 3 0
0 1 1 2 3 2 2 2 0 4 0 3 1 1 0 1 0 0 0 3 0 2 0 1 1 1 3 2
3 0 3 4 3 4 4 1 2 3 0 1 3 3 3 0 1 2 2 3 2 3 2 2 0 3 3 3
3 2 1 4 2 3 2 1 1 4 3 1 1 0 3 0 2 2 3 1 3 3 2 0 1 4 3 3
3 2 3 3 0 4 2 2 1 2 1 0 2 1 1 0 1 0 0 2 1 1 2 4 1 1 1 2
3 1 0 0 2 1 1 2 2 1 3 2 1 0 4 2 1 3 2 2 3 3 2 3 2 4 1 2
0 2 3 3 3 2 3 3 1 0 2 0 3 0 2 0 0 2 2 3 0 3 1 4 3 1 1 4
2 2 0 1 1 0 2 0 3 2 1 0 2 0 2 1 4 3 2 2 3 1 2 3 0 3 2 3
3 2 1 3 4 0 1 2 3 4 0 2 3 2 2 2 3 1 0 3 3 3 0 3 0 3 3 1
3 1 1 2 1 3 0 1 3 4 3 2 3 4 2 1 0 0 1 1 3 0 0 4 1 3 2 1
3 1 3 2 0 3 1 1 1 2 0 0 0 3 3 4 1 0 3 1 3 2 1 3 2 3 2 1
2 3 1 1 1 4 1 4 2 4 1 0 2 1 3 3 0 3 1 0 1 4 2 2 0 0 3 3
1 0 0 3 4 4 4 0 2 1 1 3 0 3 0 3 0 1 0 0 3 4 0 0 3 2 4 2
3 1 2 3 2 2 2 1 0 0 0 1 0 3 0 0 0 3 3 2 1 3 2 0 3 2 1 1
4 0 2 2 0 2 3 0 2 2 1 0 1 4 3 3 2 3 3 2 2 1 3 4 0 2 3 1
2 1 2 0 1 1 1 0 1 4 2 2 0 4 0 1 0 3 1 0 2 1 3 0 0 0 1 4
4 3 7 4
26 26
1 3 1 3 2 2 3 3 2 1 0 4 0 2 3 1 3 3 1 3 0 1 2 1 2 2
3 3 1 4 3 4 4 2 3 1 0 2 2 2 1 1 1 1 0 0 4 0 0 1 3 1
1 2 1 4 0 2 0 3 1 3 4 0 3 4 2 2 3 3 0 1 2 0 4 4 0 2
4 1 1 1 2 2 2 0 2 1 1 0 0 0 3 4 1 4 3 3 3 1 0 3 4 2
4 4 3 2 3 4 0 0 3 2 3 2 0 2 1 3 3 3 1 3 0 1 2 1 4 3
0 0 0 0 3 2 3 0 2 2 1 4 3 4 2 2 4 1 3 4 3 0 3 1 2 1
0 4 1 0 2 3 2 3 3 4 0 3 1 4 1 4 0 3 1 1 3 4 1 0 3 2
2 3 3 4 2 0 4 2 2 4 2 1 1 3 4 0 0 1 4 3 4 1 0 4 2 1
3 2 3 0 0 2 0 2 1 4 3 1 3 2 1 2 4 1 0 2 1 1 4 2 0 1
1 2 0 1 4 0 4 2 1 1 4 3 2 1 0 4 0 3 3 3 3 1 0 0 1 4
3 1 0 2 0 3 0 0 0 4 3 0 4 1 0 2 3 1 0 2 3 0 1 3 0 2
4 3 1 1 0 2 1 0 4 0 0 2 4 0 3 0 3 2 1 3 4 0 0 3 3 1
0 0 4 1 4 0 2 1 1 2 1 1 0 3 3 2 0 0 3 4 1 1 2 4 3 2
1 3 1 3 4 1 2 4 1 1 3 0 1 3 0 0 0 2 1 0 3 0 2 4 4 3
1 4 1 4 2 2 3 4 0 3 3 0 1 0 1 2 2 2 0 3 4 1 2 3 3 0
2 0 1 3 0 4 0 3 4 1 1 4 3 1 3 0 1 1 0 1 0 2 3 3 3 1
2 2 3 1 4 2 3 4 3 4 4 2 3 1 2 2 0 1 0 0 3 2 0 1 0 2
3 1 3 2 1 3 1 1 0 4 1 0 1 2 0 4 3 2 1 3 2 3 1 1 1 1
1 3 1 2 0 4 0 0 3 4 1 1 2 4 1 4 0 1 2 1 4 2 0 0 0 2
1 0 1 3 1 4 1 0 4 2 0 0 3 0 1 1 0 2 2 3 3 0 0 1 4 4
3 0 3 0 1 3 3 2 2 4 1 3 2 1 0 0 3 0 0 1 2 1 2 3 1 1
0 1 3 2 2 2 1 1 3 4 0 1 2 4 1 2 3 0 0 3 1 0 1 3 0 1
2 2 3 2 4 1 4 3 1 0 3 3 4 3 4 1 0 1 2 1 4 3 3 3 3 4
3 3 1 3 0 0 0 0 3 1 0 4 2 1 3 0 0 0 2 3 3 4 0 1 2 1
1 4 1 2 2 4 4 2 3 3 1 3 3 4 0 4 2 0 1 3 4 2 1 2 2 3
3 1 3 2 3 1 2 0 0 4 2 1 3 0 1 1 2 3 2 0 3 0 2 2 2 4
1 2 7 6
2 8
0 0
4 2
1 0
3 0
2 2
3 4
1 3
2 4
1 2 4 5
26 27
3 2 3 3 3 1 3 2 1 3 2 4 3 3 3 3 2 0 1 1 1 1 1 3 3 3
3 0 3 4 2 4 4 3 0 2 2 0 3 1 2 2 3 0 1 0 4 3 0 3 0 0
0 3 0 4 3 3 0 0 0 3 4 1 3 4 3 2 0 0 0 1 2 0 4 4 3 2
4 2 0 1 1 3 0 1 2 1 0 3 3 3 2 4 1 4 3 2 3 1 3 2 4 3
4 4 2 2 3 4 2 2 3 2 1 1 0 1 2 2 0 0 0 0 0 1 1 2 4 1
1 0 0 0 1 1 3 2 0 1 1 4 1 4 3 3 4 1 1 4 2 1 1 0 0 3
3 4 1 1 3 0 2 3 1 4 1 0 2 4 1 4 2 1 0 1 2 4 3 3 3 0
3 3 3 4 2 0 3 1 0 4 0 1 1 2 4 2 3 2 4 2 4 2 1 4 0 3
0 2 2 0 2 2 2 1 0 4 2 0 1 1 2 3 4 3 2 0 3 2 4 0 3 3
2 2 2 1 4 3 4 0 2 2 4 2 0 2 3 4 2 0 2 3 2 1 1 3 3 4
1 2 3 0 2 3 2 0 1 4 0 1 4 0 3 1 0 2 0 2 1 1 0 1 3 3
4 2 2 0 1 3 3 2 4 1 3 0 4 2 2 2 2 0 1 0 4 3 1 3 1 1
0 0 4 2 4 0 1 1 0 0 3 0 2 1 3 0 1 1 2 4 2 3 3 4 2 0
1 3 0 3 4 2 2 4 2 1 3 0 3 3 3 3 2 0 3 2 0 3 2 4 4 3
3 4 0 4 0 1 3 4 1 3 3 2 1 1 1 2 3 1 1 1 4 0 1 3 1 2
0 2 2 1 1 4 0 2 4 2 3 4 1 3 2 1 0 3 0 2 0 2 1 1 2 0
0 0 0 1 4 0 3 4 0 4 4 1 1 1 1 0 3 2 2 0 2 1 2 1 0 0
1 2 1 0 1 3 1 3 2 4 0 3 3 3 1 4 1 2 2 2 2 1 0 2 3 0
3 1 0 1 2 4 1 1 2 4 3 0 0 4 0 3 1 0 2 2 4 2 2 1 3 0
2 0 0 3 3 4 2 2 3 3 0 1 2 0 1 0 1 1 3 3 3 0 0 3 4 4
1 1 3 3 1 0 0 3 1 4 3 3 2 0 2 0 0 2 1 2 2 2 3 0 1 0
3 3 3 3 2 1 2 2 2 4 0 0 3 4 1 0 3 3 3 3 2 1 1 2 1 2
1 1 3 0 4 3 4 1 2 2 3 1 2 3 4 0 1 0 1 3 4 1 3 0 1 4
0 2 2 3 3 1 1 2 1 2 0 4 2 1 3 1 0 2 3 3 3 4 0 0 3 2
0 4 2 1 0 4 4 3 0 3 3 2 0 4 2 4 3 0 0 2 4 3 0 3 3 0
1 0 3 0 1 1 3 1 1 4 0 0 0 0 1 3 1 3 1 1 2 3 3 3 0 1
2 4 2 4 3 4 0 3 2 3 2 1 2 0 3 0 0 4 1 1 1 2 2 1 2 4
5 6 2 5
4 2
0 2 2 0
4 1 4 4
5 7 8 3
28 26
2 3 0 3 3 0 1 3 3 2 2 1 0 3 1 2 3 0 1 3 3 1 0 1 0 2 2 3
2 1 2 3 2 2 0 2 0 2 1 0 3 3 2 3 2 2 0 2 2 3 1 0 0 1 0 2
2 1 2 1 3 3 2 2 3 2 0 0 2 3 2 1 0 0 2 3 0 4 4 4 4 4 4 0
3 2 0 2 1 3 3 2 1 2 3 3 0 2 1 2 0 3 1 0 1 4 4 4 4 4 4 0
0 1 0 2 1 1 2 2 1 2 3 1 3 3 3 3 3 0 3 3 3 4 4 4 4 4 4 1
2 2 1 1 1 3 0 4 4 4 4 4 4 0 2 1 2 3 0 3 0 4 4 4 4 4 4 0
1 1 2 0 2 0 1 4 4 4 4 4 4 2 3 0 3 0 2 1 2 4 4 4 4 4 4 2
1 2 2 2 1 0 3 4 4 4 4 4 4 0 3 3 3 3 1 2 1 4 4 4 4 4 4 2
2 1 3 2 0 0 1 4 4 4 4 4 4 1 0 3 0 4 4 4 4 4 4 2 3 0 1 2
0 0 0 3 1 0 1 4 4 4 4 4 4 1 0 0 1 4 4 4 4 4 4 3 2 3 2 2
1 3 2 1 0 3 0 4 4 4 4 4 4 2 0 3 1 4 4 4 4 4 4 2 2 3 2 3
3 0 1 0 2 1 3 3 2 3 0 1 2 2 2 2 3 4 4 4 4 4 4 2 1 2 1 2
2 1 2 2 3 2 2 2 1 0 2 1 1 2 0 2 3 4 4 4 4 4 4 0 3 1 0 0
1 3 0 0 2 3 3 0 2 2 0 0 1 3 3 0 2 4 4 4 4 4 4 2 2 2 3 0
2 0 0 1 2 1 2 1 2 1 1 0 3 2 2 0 0 1 3 2 0 0 3 3 3 0 4 4
2 2 1 2 2 1 1 2 1 1 2 3 3 0 0 3 2 0 0 0 0 1 3 0 2 3 4 4
3 2 2 2 3 1 2 3 3 1 1 3 1 0 1 3 3 3 2 0 1 0 1 3 0 1 4 4
3 0 1 0 3 4 4 4 4 4 4 2 2 2 2 0 1 0 2 3 2 3 2 0 0 3 4 4
2 1 0 3 0 4 4 4 4 4 4 3 3 0 3 0 0 0 2 0 0 2 3 3 0 1 4 4
0 0 3 0 1 4 4 4 4 4 4 2 3 3 3 3 0 1 0 3 1 3 1 0 3 1 4 4
1 0 2 1 1 4 4 4 4 4 4 3 2 3 1 0 0 2 1 1 1 0 1 3 2 0 0 3
0 3 3 3 2 4 4 4 4 4 4 2 1 1 2 1 2 2 3 0 2 1 1 3 0 1 2 1
2 1 1 1 1 4 4 4 4 4 4 3 2 1 1 2 3 1 0 0 2 0 0 1 0 1 0 2
0 2 0 3 2 3 3 2 2 3 1 2 1 1 0 2 0 2 2 2 1 2 1 2 1 2 0 0
0 1 1 3 0 1 1 3 1 2 1 2 2 1 2 0 0 3 2 2 1 1 2 2 2 3 0 0
0 0 2 3 0 1 3 2 1 0 2 1 3 0 2 0 4 4 4 4 4 4 3 3 1 1 3 4
7 3 5 6
30 26
1 1 1 3 1 4 3 4 3 4 1 3 3 1 4 1 3 4 3 3 3 3 3 1 3 1 3 3 1 1
3 4 1 4 1 1 3 3 3 3 3 3 1 1 3 1 3 4 3 3 3 3 1 1 1 1 1 3 4 1
1 3 3 1 3 1 3 1 3 1 4 1 4 4 4 1 1 1 1 3 1 3 1 3 1 4 1 3 1 3
1 4 3 3 3 1 3 3 1 1 1 4 1 3 1 3 1 3 1 1 4 1 1 4 3 1 3 3 3 1
4 1 1 3 3 1 4 1 1 3 3 1 3 4 1 1 1 3 4 1 1 1 1 3 3 1 3 1 3 3
3 3 3 4 1 4 1 3 3 1 3 3 1 1 4 1 1 3 1 4 3 3 3 3 3 1 3 1 3 4
3 1 3 3 3 1 4 3 3 1 3 1 4 1 3 1 3 3 3 1 3 1 1 3 3 4 4 1 3 3
3 3 1 1 1 1 1 4 1 4 4 4 3 3 3 4 1 1 1 4 1 4 4 3 1 3 4 1 3 1
3 1 3 3 4 1 1 1 3 3 3 1 3 3 4 1 4 1 4 4 1 1 3 3 1 1 3 1 1 3
1 1 3 4 3 3 1 3 1 3 1 3 3 1 1 1 3 3 3 1 1 3 1 3 3 1 4 4 3 1
1 3 1 3 1 4 1 4 3 3 3 4 3 4 1 1 4 3 1 1 3 1 3 1 1 3 1 3 3 3
1 3 4 3 3 4 3 4 1 3 3 3 3 3 1 4 3 1 4 1 1 1 1 1 1 1 1 1 1 3
1 1 3 3 1 1 3 3 3 3 3 3 1 1 1 3 4 1 3 3 1 1 1 3 1 3 4 3 4 1
1 3 3 3 3 1 4 3 1 3 1 1 1 1 1 3 1 1 1 3 1 3 1 1 3 3 1 3 1 1
4 4 1 3 1 3 3 1 1 1 3 3 1 3 1 3 3 3 1 1 1 3 1 1 4 1 3 3 1 1
3 3 1 3 1 3 4 1 3 1 4 1 1 1 3 3 3 3 3 3 3 3 1 3 3 3 4 4 4 3
1 4 1 3 3 1 1 1 4 3 1 1 3 3 3 1 3 3 3 1 3 3 3 1 3 1 1 3 4 3
1 3 1 3 3 4 1 4 3 1 3 1 1 4 3 1 1 3 4 3 4 4 1 1 1 3 1 4 3 3
1 1 1 1 3 1 4 3 3 3 3 4 1 1 3 4 1 3 3 3 1 4 3 3 3 1 4 1 3 3
3 4 1 1 1 3 3 3 1 3 1 1 3 1 4 3 1 4 1 4 1 1 3 4 3 3 1 1 1 3
3 1 4 1 4 3 3 3 3 3 1 3 3 3 1 3 1 1 1 1 3 1 1 1 3 3 1 3 3 1
3 3 4 3 3 3 3 4 1 1 3 3 3 1 3 1 3 3 3 1 1 1 4 3 3 3 3 1 3 4
1 1 3 1 1 3 4 3 3 3 3 1 1 1 1 4 1 3 3 1 1 3 1 3 1 3 3 1 3 3
3 3 3 1 1 4 3 4 1 1 1 3 3 3 1 1 1 1 3 3 4 1 3 3 3 1 1 1 4 3
3 3 1 1 1 1 3 3 1 1 3 3 4 3 3 4 4 4 4 1 3 4 3 3 3 3 4 3 1 3
1 1 1 3 4 3 3 3 3 3 4 1 1 3 1 4 3 3 3 3 3 1 1 1 1 4 3 3 1 4
6 8 5 8
30 27
3 0 0 0 1 0 3 0 0 2 3 4 4 4 4 4 2 0 2 2 2 0 2 2 1 3 2 2 0 2
3 2 0 2 0 3 3 2 0 3 0 4 4 4 4 4 3 2 0 1 0 3 0 2 1 1 0 1 3 1
2 3 3 0 0 2 2 2 2 0 0 4 4 4 4 4 2 0 1 1 0 2 1 0 1 2 3 1 1 1
3 3 0 0 2 0 0 3 0 2 3 4 4 4 4 4 2 1 3 2 3 0 2 1 3 1 3 0 0 3
3 1 1 3 0 0 0 1 1 1 1 4 4 4 4 4 1 1 3 3 1 0 0 1 1 1 0 4 4 4
2 2 1 2 2 2 2 1 0 2 2 3 2 2 0 3 0 2 2 2 3 2 2 3 0 0 1 4 4 4
2 1 3 2 0 0 1 3 1 0 2 2 2 1 0 1 0 1 1 2 0 2 0 2 2 2 2 4 4 4
0 1 3 3 1 2 0 0 2 0 2 2 1 0 2 3 3 3 3 1 1 0 3 1 2 0 3 4 4 4
3 2 3 2 0 1 1 1 2 3 3 2 3 1 2 0 1 3 3 2 3 1 1 0 2 2 2 4 4 4
2 0 3 0 2 4 4 4 4 4 1 0 2 3 1 3 0 3 3 0 2 2 0 0 2 1 2 1 0 1
3 2 1 2 2 4 4 4 4 4 0 1 2 2 1 1 0 1 3 1 3 0 1 0 0 2 0 0 2 1
3 1 1 3 2 4 4 4 4 4 0 1 1 0 2 2 0 1 3 1 1 3 2 1 3 1 3 2 3 2
0 1 3 0 1 4 4 4 4 4 1 0 1 3 1 2 2 0 3 0 3 0 1 0 2 0 2 1 1 1
2 0 1 3 0 4 4 4 4 4 0 0 1 2 0 1 3 3 3 3 1 3 2 3 3 0 0 0 2 0
0 3 0 0 1 2 0 2 1 0 3 2 2 1 0 2 3 0 0 3 3 3 0 2 1 2 3 2 0 3
1 0 0 2 0 3 2 2 0 3 0 3 4 4 4 4 4 2 0 1 0 1 0 3 0 1 3 3 3 2
3 0 0 1 0 3 0 3 2 1 2 0 4 4 4 4 4 3 1 2 2 2 0 2 3 2 3 2 3 2
0 1 1 3 0 0 2 0 1 3 3 3 4 4 4 4 4 0 3 0 2 3 1 2 3 2 1 3 2 1
0 0 2 1 0 2 1 0 3 3 3 3 4 4 4 4 4 2 1 3 3 2 2 4 4 4 4 4 2 2
1 3 0 1 0 3 0 2 1 0 3 1 4 4 4 4 4 3 1 1 1 0 2 4 4 4 4 4 1 0
0 1 1 1 2 1 3 2 1 0 2 2 4 4 4 4 4 3 1 0 0 2 2 4 4 4 4 4 3 0
2 2 2 0 2 1 0 2 1 0 1 0 3 3 3 2 0 3 0 2 1 1 3 4 4 4 4 4 1 2
2 0 3 0 1 2 1 3 2 2 3 1 1 3 0 3 1 2 3 3 2 3 3 4 4 4 4 4 3 1
4 4 4 4 4 3 3 1 3 3 2 2 0 0 0 0 0 1 1 0 1 1 0 1 3 1 2 2 3 2
4 4 4 4 4 3 1 3 3 1 1 0 1 2 2 1 0 1 0 1 0 3 0 2 0 3 2 0 2 1
4 4 4 4 4 2 2 0 3 1 0 1 2 3 1 0 1 1 0 1 0 1 4 4 4 4 4 3 3 1
4 4 4 4 4 2 2 2 1 2 2 3 2 0 2 1 1 2 0 0 2 0 4 4 4 4 4 0 1 4
5 7 1 3
11 26
3 2 3 2 3 0 0 0 0 2 0
1 1 4 0 1 1 3 1 3 1 2
1 3 0 2 3 1 0 4 0 0 4
3 2 2 2 1 1 3 2 0 3 2
3 0 1 3 2 2 1 4 2 3 2
0 1 1 1 0 3 1 2 0 0 3
1 2 0 2 0 0 2 0 0 2 1
1 2 3 3 2 0 0 0 1 0 2
2 1 0 2 3 2 1 3 2 1 1
0 3 0 2 0 1 3 2 2 2 0
3 3 2 3 0 1 1 1 1 2 3
2 4 0 0 4 2 2 1 1 0 0
0 2 3 0 1 1 0 2 3 2 1
3 3 1 3 3 0 0 3 2 0 0
1 3 3 1 0 1 3 0 2 2 0
2 3 2 0 0 2 2 3 3 2 1
1 2 3 2 3 2 1 1 1 3 0
0 2 2 2 2 1 1 2 0 2 0
2 1 2 2 2 1 2 2 2 0 2
3 3 3 3 1 1 3 2 4 0 2
3 0 0 2 3 1 3 0 1 0 3
2 3 3 0 0 3 3 0 3 1 1
1 3 1 2 2 0 1 3 1 0 0
0 2 3 3 1 2 3 2 3 1 1
0 3 4 1 0 0 3 3 3 2 1
0 0 2 0 4 1 3 3 0 2 4
4 8 9 1
8 27
3 3 3 2 3 1 0 3
3 4 4 4 3 3 3 3
3 4 4 4 0 2 2 1
0 4 4 4 0 4 4 4
1 1 0 1 1 4 4 4
1 1 3 4 4 4 4 4
2 3 0 4 4 4 4 4
1 1 1 4 4 4 0 2
3 2 0 0 2 4 4 4
3 2 2 0 2 4 4 4
3 2 2 1 3 4 4 4
4 4 4 1 1 3 3 1
4 4 4 4 4 4 3 3
4 4 4 4 4 4 1 2
2 2 2 4 4 4 1 2
1 1 1 0 1 3 0 3
3 3 0 3 3 1 3 1
0 3 0 3 0 0 3 0
0 1 1 2 0 3 0 0
0 1 0 2 1 3 3 0
2 1 0 3 3 0 4 4
2 0 3 2 1 3 4 4
2 0 0 2 1 0 4 4
0 3 0 2 3 4 4 4
3 0 0 3 1 4 4 4
3 4 4 4 0 4 4 4
3 4 4 4 4 4 3 4
6 6 5 2
27 26
3 1 3 2 2 1 3 2 1 3 1 4 3 0 4 2 3 3 3 3 0 2 3 2 3 0 0
1 3 4 3 4 4 1 0 1 2 1 3 2 0 0 3 2 2 1 4 1 0 2 3 3 2 2
1 4 3 3 3 0 1 0 4 2 3 4 0 0 0 2 1 3 1 2 4 4 1 3 4 0 2
2 2 0 2 2 0 2 3 1 1 0 2 4 2 4 1 1 1 2 1 0 4 0 4 4 3 3
2 4 2 0 3 1 1 2 1 1 3 2 1 1 0 0 0 1 3 0 4 0 0 3 2 0 1
0 0 3 0 3 0 4 1 4 1 0 4 2 1 4 0 0 1 0 1 0 1 4 3 1 2 0
2 1 2 4 3 1 0 4 2 4 1 2 2 3 3 4 3 1 3 0 2 3 3 4 2 3 4
1 2 4 1 2 2 1 4 1 0 0 4 3 4 2 1 4 2 1 1 1 3 1 0 1 2 3
0 4 1 0 0 2 3 2 4 3 1 3 2 3 4 2 3 1 1 3 3 3 4 3 4 1 3
1 4 4 3 4 2 4 0 2 2 2 3 2 1 0 0 4 1 0 0 0 3 1 1 0 0 4
3 2 4 0 1 3 3 1 3 3 1 4 2 0 3 0 4 0 0 0 2 0 2 2 4 1 3
1 4 0 1 3 2 0 3 2 4 3 3 0 3 2 2 0 4 0 4 1 1 0 0 2 0 2
2 3 3 2 0 0 3 4 1 0 1 4 2 0 0 2 1 0 4 3 0 4 3 1 1 1 1
0 0 0 0 3 2 1 3 3 2 4 4 3 2 4 3 4 4 1 3 4 2 2 1 2 3 2
3 3 2 3 2 3 4 0 2 0 3 3 0 0 1 0 2 4 3 2 4 1 0 4 2 4 2
2 0 3 3 3 1 1 2 0 2 3 2 1 0 1 4 3 1 4 0 4 4 3 4 2 0 3
3 2 1 1 1 2 3 0 3 2 1 1 1 2 3 2 0 3 3 4 2 1 1 0 0 4 3
0 0 0 0 1 3 1 3 3 1 1 3 3 0 4 2 2 2 4 0 2 0 4 1 4 2 3
2 2 4 1 4 1 1 3 1 0 2 0 3 4 0 1 4 3 0 0 2 0 0 0 1 2 4
3 1 3 1 3 4 4 4 2 0 1 0 3 2 0 1 4 3 0 0 3 1 0 0 0 0 3
0 0 2 2 3 0 2 2 2 3 1 3 0 1 1 4 1 3 2 4 2 0 0 0 3 1 1
1 0 1 1 0 1 1 1 0 4 2 4 0 0 2 3 1 4 1 4 2 4 3 3 3 4 0
1 3 1 4 1 0 3 2 0 0 2 2 2 0 1 4 3 0 2 2 3 2 1 3 1 4 3
1 1 2 0 4 1 0 3 4 4 1 3 2 3 3 1 4 0 4 4 0 3 3 4 2 3 0
1 2 1 3 0 0 3 1 1 1 1 4 1 4 0 1 3 1 1 2 3 0 2 3 0 3 3
3 2 4 0 4 1 4 0 0 1 1 1 2 1 0 2 3 3 4 2 1 0 0 0 0 1 4
1 5 3 7
2 2
4 2
3 4
3 5 3 4
28 30
4 1 3 2 0 1 1 1 0 0 0 4 3 1 4 2 1 2 2 1 1 1 1 3 1 3 3 2
3 4 1 4 4 2 1 0 2 3 2 0 1 4 1 3 0 0 4 0 1 3 0 1 1 0 2 4
2 1 0 1 0 0 4 0 3 4 1 3 0 2 2 3 4 3 4 4 2 1 4 3 1 2 2 0
0 1 1 3 1 0 1 3 0 4 3 4 1 1 1 4 0 3 4 2 4 4 0 3 1 4 1 0
3 1 3 4 3 0 0 2 3 3 2 3 3 0 2 2 4 2 1 1 0 3 1 3 3 3 3 1
3 4 3 4 1 3 4 2 1 4 0 0 1 2 2 2 1 4 2 3 1 3 3 2 0 4 3 2
0 4 2 4 3 3 2 2 2 4 3 3 3 1 3 2 2 4 1 2 4 1 0 4 1 2 1 1
4 1 3 1 4 2 4 0 0 4 2 3 0 3 2 3 0 3 0 0 1 4 3 2 1 3 0 3
4 0 2 2 0 0 4 2 2 3 0 3 3 3 4 3 4 0 0 2 4 4 2 4 0 4 0 3
0 3 0 3 1 2 0 4 2 2 2 0 0 1 2 1 2 4 2 3 4 2 0 0 0 1 3 2
1 4 2 3 1 0 4 0 2 1 2 1 1 1 4 0 3 2 4 0 0 2 3 0 1 0 4 0
0 0 0 2 0 0 4 3 4 3 1 3 1 1 3 2 1 0 0 3 1 1 0 4 1 1 2 4
1 4 2 0 0 2 4 3 3 4 0 3 1 1 1 1 2 1 1 1 3 1 3 2 2 4 4 0
0 4 2 4 4 3 3 4 3 0 0 1 3 0 2 0 2 2 1 3 4 0 0 0 3 4 1 0
1 1 1 4 0 1 4 2 2 4 0 4 0 0 0 3 1 1 3 1 3 0 0 2 3 3 2 1
4 0 3 4 3 4 4 3 4 3 0 2 1 1 1 0 2 3 0 0 3 1 0 1 1 0 0 2
0 2 3 4 3 3 1 0 1 4 2 0 3 2 0 3 0 1 4 1 3 2 2 2 0 4 1 1
0 4 3 3 2 4 3 4 1 3 1 0 4 0 4 2 3 2 3 0 0 2 0 4 0 3 4 2
0 1 1 1 2 3 3 1 4 1 1 3 0 3 4 4 4 3 2 0 2 2 2 3 0 4 3 2
1 2 0 0 1 0 0 3 0 1 2 1 1 0 1 1 2 0 1 1 1 0 1 4 1 0 2 4
1 3 0 1 2 1 3 3 2 2 0 0 1 0 3 2 4 1 4 2 2 0 0 1 4 2 4 2
4 3 2 1 4 3 2 0 1 4 1 0 3 2 2 2 2 0 1 2 0 4 1 2 2 0 3 1
1 1 1 4 0 0 3 2 3 4 1 4 1 4 4 2 0 0 2 3 3 4 0 4 4 2 3 2
4 1 0 0 2 1 0 0 1 0 2 0 1 0 3 4 3 4 0 2 2 2 2 3 0 0 0 2
3 2 3 3 2 4 0 4 0 4 1 0 3 0 3 2 0 3 1 2 1 4 1 1 0 0 0 3
2 2 3 3 4 4 4 0 2 3 0 2 2 2 0 3 2 0 2 3 4 4 0 1 2 3 4 3
0 1 3 1 0 3 0 3 0 1 3 1 0 3 0 1 1 2 4 3 1 0 0 3 3 1 2 2
4 2 1 3 3 2 2 3 2 2 4 0 2 4 0 1 0 1 1 3 2 4 3 4 2 1 0 3
4 3 0 3 2 1 2 1 2 4 1 4 4 4 0 0 4 0 0 0 1 0 0 2 1 3 1 1
1 4 2 1 2 2 4 1 1 4 2 0 1 1 3 1 1 0 4 3 0 1 3 4 1 1 2 4
8 7 6 7
28 29
2 0 0 3 2 2 0 2 3 0 1 1 2 1 2 1 0 2 2 2 1 1 1 2 0 0 3 1
0 1 1 2 0 2 2 0 0 3 1 1 3 3 2 3 3 0 2 3 3 1 0 3 3 2 1 3
0 1 0 3 0 1 0 0 1 0 0 0 0 1 3 0 1 0 2 3 0 2 1 2 2 2 2 1
3 3 2 3 3 0 1 1 2 2 1 2 1 3 3 2 0 2 1 1 0 0 1 2 3 1 0 1
2 2 0 0 3 3 3 3 0 1 0 3 2 3 1 1 0 2 0 1 3 3 2 1 2 0 0 2
3 3 2 0 1 2 3 1 1 2 3 1 1 3 0 3 0 0 2 0 3 0 0 1 3 3 0 1
0 2 2 3 2 0 1 4 4 4 4 4 3 2 1 2 1 1 0 2 0 1 3 2 2 3 1 0
2 1 2 0 3 2 3 4 4 4 4 4 1 2 0 2 0 0 1 0 0 3 1 0 1 0 3 3
2 2 2 3 0 1 3 4 4 4 4 4 2 2 3 3 3 2 3 2 0 1 1 2 1 2 2 1
2 0 2 1 0 3 3 4 4 4 4 4 3 0 1 3 0 4 4 4 4 4 3 2 1 1 2 2
2 2 3 3 0 2 1 4 4 4 4 4 2 2 3 2 2 4 4 4 4 4 3 2 1 2 1 2
2 3 2 0 0 0 0 3 0 1 2 2 1 0 1 2 2 4 4 4 4 4 2 2 1 2 0 0
2 3 0 1 3 0 2 1 0 3 1 1 2 0 3 2 2 4 4 4 4 4 0 0 1 1 2 2
1 2 0 1 1 0 2 3 1 3 0 1 3 0 1 2 1 4 4 4 4 4 0 3 2 1 3 2
0 2 0 2 0 1 1 3 0 0 3 3 1 2 0 1 3 2 1 0 3 3 2 0 3 3 3 3
2 2 0 3 3 2 1 0 0 3 1 0 0 2 0 1 2 0 2 3 3 0 0 2 1 2 1 1
2 0 1 3 2 1 1 3 2 3 2 2 1 1 0 0 3 0 2 3 3 3 3 1 0 0 4 4
2 3 2 0 2 1 3 0 3 2 0 1 1 3 3 0 1 2 0 0 1 0 3 3 2 1 4 4
0 2 3 2 2 2 2 0 3 3 0 3 0 3 3 1 3 3 3 0 0 0 1 0 1 3 4 4
0 2 2 2 3 0 1 3 1 3 2 3 1 3 3 2 2 0 1 0 2 0 2 3 3 1 4 4
3 1 2 1 1 4 4 4 4 4 0 0 1 3 0 1 0 0 2 0 2 2 0 3 1 1 4 4
0 1 3 1 2 4 4 4 4 4 3 1 2 0 2 2 2 3 2 2 1 3 0 0 3 0 1 1
2 1 0 2 2 4 4 4 4 4 0 3 2 2 1 1 1 3 2 0 0 0 0 2 3 0 1 0
3 0 2 3 3 4 4 4 4 4 1 3 2 2 0 3 0 3 1 0 2 2 0 1 1 1 0 3
0 3 0 2 2 4 4 4 4 4 1 0 2 1 2 3 0 2 3 2 3 2 1 2 1 0 0 2
1 2 2 3 0 2 3 1 3 2 0 0 3 2 1 0 2 1 2 1 0 0 2 1 0 1 1 1
2 1 0 0 2 3 1 1 1 3 0 2 0 0 0 0 3 2 3 2 0 1 2 1 0 2 3 0
1 1 1 0 0 0 3 3 2 3 2 0 0 3 2 2 4 4 4 4 4 2 0 2 1 0 3 1
0 1 0 0 3 2 2 3 0 0 3 0 0 1 0 2 4 4 4 4 4 2 0 3 3 3 1 4
5 6 7 2
28 27
1 3 2 3 3 0 3 1 3 3 2 4 1 3 1 0 2 3 0 0 3 1 1 1 3 0 1 2
3 4 3 3 4 2 0 3 1 1 2 3 0 2 0 3 0 3 4 3 0 0 1 2 0 2 1 2
2 0 3 3 0 0 4 1 3 2 2 1 2 1 2 0 2 3 3 4 3 2 4 3 0 0 3 0
1 0 3 2 1 3 0 0 0 4 1 4 3 3 0 2 2 1 4 2 4 4 2 2 3 4 0 3
3 3 3 3 1 1 2 3 3 0 2 0 1 1 3 1 4 2 3 0 0 2 1 1 3 2 0 0
0 4 1 4 1 0 4 3 2 3 1 1 2 3 0 1 0 4 1 2 1 2 2 0 1 1 1 0
0 4 0 4 3 0 2 2 1 4 3 1 0 2 3 1 0 4 2 2 3 1 2 3 0 2 1 3
4 1 2 1 4 1 4 0 1 4 3 1 3 1 0 3 0 3 2 1 1 4 2 2 1 2 1 2
4 1 0 0 0 1 4 2 2 2 2 3 2 3 4 2 4 2 0 3 4 1 3 1 1 4 2 0
3 1 2 1 0 2 0 4 3 0 3 3 3 3 2 1 3 4 1 1 4 3 0 1 0 3 0 2
1 2 2 1 1 2 4 3 1 0 3 2 3 2 4 3 2 2 4 1 0 2 0 0 3 2 4 2
0 0 2 0 1 2 0 1 4 1 1 3 0 1 3 2 3 3 2 2 0 1 3 4 3 1 3 4
0 2 0 3 1 3 4 2 2 4 2 1 1 1 3 2 1 1 0 2 0 3 0 1 2 4 4 2
1 4 1 2 1 0 3 4 2 0 3 2 0 0 2 1 1 1 2 0 2 0 2 2 1 0 1 2
0 0 2 4 0 1 2 3 1 4 1 3 0 0 1 2 1 2 3 1 3 3 0 2 3 0 3 0
3 1 3 4 0 4 4 3 3 0 1 2 1 1 3 3 0 1 3 3 1 3 3 0 0 2 2 1
0 0 0 4 2 0 2 0 3 4 3 0 3 1 0 2 0 3 2 2 1 0 2 1 3 4 0 2
0 0 3 2 0 4 1 2 1 2 0 0 0 3 0 3 0 3 0 1 0 3 3 4 0 3 0 3
3 1 1 1 3 1 3 2 2 2 3 3 1 0 4 3 2 0 1 0 0 1 1 3 1 4 0 2
1 2 3 3 2 2 0 3 3 3 0 2 2 3 3 1 0 2 3 1 1 3 0 4 1 0 1 4
1 1 2 0 1 3 3 3 2 2 3 2 0 1 1 3 4 2 4 2 3 2 0 3 1 2 4 0
2 2 1 2 4 0 3 0 1 4 2 0 1 1 2 1 3 0 3 3 1 3 2 2 2 3 3 2
3 0 1 1 3 2 0 2 0 4 2 0 2 4 4 3 2 2 0 0 2 1 2 4 0 3 3 1
2 1 3 0 3 2 2 2 1 2 3 3 3 3 3 4 0 1 2 2 2 1 1 2 2 1 2 0
3 2 1 2 3 4 2 4 2 4 2 1 2 3 0 0 1 0 3 2 2 4 1 3 0 3 2 3
2 3 3 1 4 4 4 0 2 1 0 1 3 2 1 0 3 2 3 3 3 4 1 0 2 3 4 1
1 1 0 0 1 0 1 1 1 3 0 0 2 0 2 0 2 2 0 3 3 3 2 1 2 3 3 4
3 7 8 2
26 27
0 0 1 1 1 1 0 0 1 1 1 1 1 1 1 1 1 1 1 1 1 1 1 1 0 1
3 0 1 0 0 0 3 0 1 0 0 0 0 0 0 0 0 0 0 0 0 0 0 0 3 1
3 1 0 0 3 3 0 1 1 0 3 3 3 3 0 0 0 0 0 0 3 3 3 3 3 1
3 1 0 0 0 0 0 0 0 0 0 0 3 0 1 0 0 0 0 0 0 0 3 0 0 1
0 1 1 1 3 0 3 3 0 1 3 0 3 0 1 0 3 3 3 3 0 0 3 1 0 0
0 0 0 0 1 3 3 0 1 0 1 3 3 0 1 0 0 0 0 3 0 3 3 1 0 0
3 3 0 0 0 0 0 1 1 0 0 0 3 1 0 1 3 0 0 3 1 0 3 0 0 1
3 0 1 1 0 3 3 3 3 0 0 3 3 1 0 0 1 3 0 3 1 0 3 0 0 1
3 0 1 0 0 0 0 3 0 0 0 3 3 0 1 0 0 1 0 1 0 0 3 0 0 1
3 0 1 1 3 0 0 3 0 1 0 0 3 0 1 1 0 0 0 0 0 3 3 0 0 1
0 1 1 0 1 3 0 3 0 1 0 0 0 1 1 0 0 0 0 3 0 3 0 1 0 1
0 0 0 0 0 1 0 1 0 0 0 0 0 0 0 1 0 0 0 1 0 0 0 0 3 1
3 3 3 0 0 0 0 0 0 0 0 3 3 3 3 0 0 0 0 0 0 3 3 3 3 1
3 0 0 3 0 0 0 3 0 0 3 0 3 3 0 3 3 0 0 0 0 3 0 3 3 1
3 1 0 1 3 0 0 3 1 0 1 3 0 1 3 0 1 3 0 0 0 3 1 0 0 0
3 1 0 0 1 0 0 0 1 0 0 1 1 0 1 1 0 1 0 0 0 0 1 1 1 0
3 0 0 0 1 1 1 1 0 0 1 1 1 1 1 1 1 1 0 0 1 1 0 0 0 1
3 0 0 0 1 0 0 0 3 0 1 0 0 0 0 0 0 0 3 0 1 0 3 0 0 1
3 0 0 1 0 0 3 3 0 1 1 0 0 0 4 3 0 0 0 1 1 0 0 1 0 1
3 0 0 1 0 0 0 0 0 0 0 0 0 0 0 0 0 0 0 0 0 0 0 0 3 1
3 1 0 0 0 1 0 3 3 3 0 0 3 3 0 0 3 3 3 3 0 0 3 3 3 1
3 1 0 0 0 1 0 3 3 0 1 0 3 0 0 0 0 0 3 0 0 0 3 0 0 1
0 1 0 0 1 0 0 0 3 1 0 0 3 1 0 0 0 0 1 3 0 0 3 1 0 0
0 0 3 0 1 1 3 0 3 1 0 0 3 1 0 0 0 0 0 1 1 0 3 1 0 0
0 0 0 1 1 0 1 3 0 1 1 0 0 1 1 1 1 1 1 1 1 0 0 1 0 1
0 0 0 0 0 0 0 0 0 0 0 0 0 0 0 0 0 0 0 0 0 0 0 0 3 1
3 3 3 3 3 0 0 3 3 3 3 3 3 3 3 3 3 3 3 3 3 3 3 3 3 4
9 2 6 3
4 7
4 3 3 4
1 4 3 0
4 1 2 0
4 0 0 2
2 1 2 2
3 4 1 3
0 0 0 4
1 5 2 8
27 30
3 3 1 1 2 2 1 3 0 3 1 3 3 0 0 4 0 2 0 0 2 0 2 2 3 1 3
2 2 0 0 0 0 3 1 0 3 1 2 0 1 2 1 0 1 0 3 3 3 3 1 1 0 0
0 3 2 0 3 0 3 0 3 1 1 0 2 3 0 0 0 2 0 2 1 1 3 3 0 2 0
3 0 2 2 1 1 0 2 1 2 1 2 3 0 1 1 1 0 0 0 1 3 2 3 2 1 3
0 0 2 3 1 2 0 0 2 1 2 0 0 3 0 2 1 0 0 0 1 3 3 3 1 0 1
0 3 2 3 1 1 0 0 3 1 2 3 0 3 3 0 4 2 0 3 3 0 2 1 1 1 1
3 0 1 0 1 3 1 0 2 1 1 2 3 0 2 3 2 1 2 2 0 0 3 3 1 3 1
1 2 0 3 2 4 3 0 3 1 1 2 1 2 1 3 2 0 1 0 0 3 3 2 2 3 3
2 1 0 3 3 0 2 2 3 0 2 3 0 2 3 0 2 1 2 2 0 3 3 2 2 2 2
3 0 1 1 1 2 2 2 3 2 0 2 2 1 1 2 1 3 0 2 3 2 0 1 1 3 0
0 0 0 0 1 1 3 2 0 3 0 2 1 2 1 1 2 3 2 3 2 0 2 3 1 0 2
0 3 2 0 2 1 0 1 1 0 1 2 3 0 3 2 1 0 2 1 1 2 0 0 0 1 1
3 3 2 2 0 1 3 1 2 0 3 0 1 0 1 0 3 3 1 2 2 1 2 3 2 2 3
0 2 3 2 1 2 1 3 3 1 3 3 3 1 2 0 3 3 3 0 3 3 3 0 0 0 2
3 2 1 2 2 1 3 3 2 3 1 4 2 3 0 1 1 3 3 3 3 3 2 1 3 2 1
3 2 1 2 3 1 1 2 3 1 2 0 3 0 1 3 3 1 1 3 3 0 1 1 0 3 2
1 0 1 3 0 2 3 0 1 2 3 2 1 3 0 3 2 1 0 1 0 2 1 3 1 1 0
1 3 0 2 0 0 0 1 0 1 1 3 1 0 0 3 1 0 2 1 1 3 2 0 2 0 2
3 3 2 2 1 2 1 0 1 2 0 3 1 0 0 2 3 0 1 0 2 0 0 1 1 1 0
2 1 0 3 3 1 3 0 0 0 2 3 2 2 0 0 3 0 1 0 3 1 4 3 2 3 3
3 3 2 0 2 3 0 2 1 2 3 1 2 3 2 1 1 2 1 0 1 2 3 3 2 1 3
0 3 3 1 1 2 1 2 1 0 3 3 0 3 0 2 3 3 2 2 0 3 0 0 0 3 1
3 3 3 3 1 1 0 2 0 3 0 3 3 2 3 0 1 0 1 1 0 2 0 0 1 1 1
0 1 3 0 1 3 2 3 0 1 3 2 3 1 3 1 3 3 2 3 0 2 2 0 3 0 0
2 3 2 3 3 1 2 3 3 2 3 1 3 1 2 3 3 2 1 2 2 2 0 3 0 3 0
3 3 2 0 0 3 0 0 2 2 0 2 0 3 1 0 1 3 1 1 2 2 1 2 2 1 0
1 2 3 2 1 2 3 2 3 3 2 3 0 1 2 2 1 1 3 1 2 2 0 3 2 3 0
2 3 1 1 3 3 1 0 1 3 1 1 1 4 0 2 1 3 2 3 1 2 1 0 0 3 0
2 2 2 2 1 1 3 3 0 1 1 0 3 0 2 3 3 2 3 2 1 1 0 1 1 0 0
0 1 0 3 0 2 1 1 3 1 4 2 1 1 0 0 2 3 3 1 4 1 3 2 3 2 4
1 1 1 3
26 30
1 1 1 1 1 1 1 1 0 0 1 1 1 1 1 1 1 1 1 1 1 1 1 1 0 1
0 0 0 0 0 0 0 0 3 0 1 0 0 0 0 0 0 0 0 0 0 0 0 0 3 1
0 0 3 3 3 3 0 0 3 0 1 0 3 3 0 0 3 3 3 3 3 3 3 3 3 1
0 0 3 0 0 0 1 0 3 0 1 0 0 0 0 0 0 0 3 0 0 3 0 0 0 0
0 0 0 1 1 1 1 0 0 1 1 1 0 3 0 1 0 3 3 1 0 1 3 0 0 0
0 0 0 0 0 0 0 0 0 0 0 1 0 3 3 0 0 3 3 1 0 0 1 3 0 0
3 3 3 3 3 3 3 3 3 3 0 0 0 0 0 3 0 3 3 0 1 0 0 1 3 0
3 0 0 0 3 0 0 0 0 0 0 1 0 0 0 1 0 0 3 0 1 0 0 0 0 0
3 1 0 0 1 3 0 0 0 0 0 1 0 0 0 0 0 3 3 1 0 0 0 0 0 0
3 1 0 0 0 1 0 0 0 0 1 0 0 0 0 0 0 0 3 1 0 0 0 0 1 1
0 1 1 1 1 1 1 1 1 1 1 1 0 0 0 0 0 3 0 1 1 1 1 1 0 1
0 0 0 0 0 0 0 0 0 0 0 1 0 0 0 0 0 3 0 0 0 0 0 0 3 1
3 3 3 3 3 3 3 3 3 3 3 3 0 0 0 0 0 0 3 3 3 3 3 3 3 1
3 0 0 0 0 0 3 0 3 0 3 0 0 3 0 3 3 0 0 0 3 0 0 0 3 1
3 1 0 0 0 0 1 3 0 0 1 3 0 3 1 0 3 1 0 0 1 3 0 0 0 0
3 1 0 0 0 0 0 1 1 0 0 1 0 0 1 1 0 1 0 0 0 1 0 0 1 0
3 0 1 1 1 1 0 0 1 1 1 1 1 1 1 1 0 0 0 0 1 1 0 0 0 1
3 0 1 0 0 0 3 0 1 0 0 0 0 0 0 0 3 0 0 0 1 0 3 0 0 1
3 0 1 0 3 3 0 1 1 0 3 3 0 0 3 3 3 0 0 1 0 0 0 1 0 1
3 0 1 0 0 0 0 0 0 0 0 0 0 0 0 0 3 0 0 1 0 0 0 0 3 1
0 1 1 0 0 0 3 3 3 3 0 0 3 3 0 0 3 1 0 0 0 0 3 3 3 1
0 0 0 0 0 0 3 0 0 0 3 0 0 3 0 3 3 1 0 0 0 0 3 0 0 1
3 3 0 1 3 0 3 0 1 0 1 3 0 3 1 0 0 1 1 1 1 0 0 1 0 1
3 0 1 0 1 3 3 0 1 0 0 1 3 3 1 0 0 0 0 0 0 0 0 0 3 1
0 1 1 0 0 1 1 0 0 0 0 0 1 1 0 0 3 3 3 3 3 3 3 3 3 1
0 0 0 1 1 1 1 1 1 1 1 1 1 1 1 0 3 0 0 0 0 0 0 0 0 1
3 3 0 0 0 0 0 0 0 0 0 0 0 0 0 0 0 1 1 1 0 0 1 1 0 1
3 0 1 0 0 0 3 3 0 0 3 3 0 0 3 3 0 0 0 0 3 0 1 0 3 1
0 1 1 0 0 0 0 0 0 0 0 0 0 0 0 0 0 0 0 0 0 1 1 0 0 0
3 3 3 3 3 3 0 0 3 3 0 0 3 3 0 0 3 3 3 3 3 3 3 3 3 4
6 8 4 4
30 30
1 1 1 1 1 1 1 1 1 1 1 1 1 1 1 1 1 1 1 1 1 1 1 1 1 1 1 1 1 1
0 1 2 2 2 2 2 2 2 2 2 2 2 2 2 2 2 2 2 2 2 2 2 2 2 2 2 2 2 1
0 0 0 0 0 0 0 0 0 0 0 0 0 0 4 3 1 1 1 1 1 1 1 1 1 1 1 1 1 1
0 0 0 0 0 0 0 0 0 0 0 0 0 0 4 3 2 1 1 1 1 1 1 1 1 1 1 1 1 1
0 1 1 1 1 1 1 1 1 1 1 1 1 1 3 3 2 3 2 2 2 2 2 2 2 2 2 2 2 1
0 1 1 1 1 1 1 1 1 1 1 1 1 1 3 3 2 3 3 1 1 1 1 1 1 1 1 1 1 1
0 1 2 2 2 2 2 2 2 2 2 2 2 2 2 3 2 3 1 1 1 1 1 1 1 0 0 0 0 1
0 1 1 1 1 1 1 1 1 1 1 1 1 1 3 3 2 3 0 0 0 1 2 1 1 0 0 2 0 1
0 1 1 1 1 1 1 1 1 1 1 1 1 1 3 3 2 3 0 0 0 1 2 1 1 0 0 2 0 1
0 1 2 2 2 2 2 2 2 2 2 2 2 2 2 3 2 3 0 0 0 1 2 1 1 0 0 2 0 1
0 1 1 1 1 1 1 1 1 1 1 1 1 1 3 3 2 3 0 0 0 1 2 1 1 0 0 2 0 1
0 1 1 1 1 1 1 1 1 1 1 1 1 1 3 3 2 3 0 0 0 1 2 1 1 0 0 2 0 1
0 1 2 2 2 2 2 2 2 2 2 2 2 2 2 3 2 3 0 0 0 1 2 1 1 0 0 2 0 1
0 1 1 1 1 1 1 1 1 1 1 1 1 1 3 3 2 3 0 0 0 1 2 1 1 0 0 2 0 1
0 1 1 1 1 1 1 1 1 1 1 1 1 1 3 3 3 3 0 0 0 1 2 1 1 0 0 2 0 1
0 1 2 2 2 2 2 2 2 2 2 2 2 2 2 2 2 4 3 3 3 3 2 3 3 0 0 2 0 1
0 1 1 1 1 1 1 1 1 1 1 1 1 1 1 1 1 3 1 1 3 3 3 3 3 3 3 3 3 1
0 1 1 1 1 1 1 1 1 1 1 1 1 1 1 1 1 3 1 1 3 3 2 2 2 2 2 2 2 2
0 1 2 2 2 2 2 2 2 2 2 2 2 2 2 2 2 2 2 2 2 3 3 3 3 3 3 3 3 1
0 1 1 1 1 1 1 1 1 1 1 1 1 1 1 1 1 1 1 1 3 4 4 3 3 3 3 3 3 1
0 1 1 1 1 1 1 1 1 1 1 1 1 1 1 1 1 1 1 1 3 4 4 3 3 2 2 2 2 2
0 1 2 2 2 2 2 2 2 2 2 2 2 2 2 2 2 2 2 2 2 2 2 2 3 3 3 3 3 1
0 1 1 1 1 1 1 1 1 1 1 1 1 1 1 1 1 1 1 1 1 1 1 1 3 3 0 0 0 1
0 1 1 1 1 1 1 1 1 1 1 1 1 1 1 1 1 1 1 1 1 1 1 1 3 3 0 0 1 3
0 1 2 2 2 2 2 2 2 2 2 2 2 2 2 2 2 2 2 2 2 2 2 2 2 2 2 0 3 1
0 1 1 1 1 1 1 1 1 1 1 1 1 1 1 1 1 1 1 1 1 1 1 1 1 1 1 3 3 1
0 1 1 1 1 1 1 1 1 1 1 1 1 1 1 1 1 1 1 1 1 1 1 1 1 1 1 3 0 0
0 1 2 2 2 2 2 2 2 2 2 2 2 2 2 2 2 2 2 2 2 2 2 2 2 2 2 2 3 1
0 1 1 1 1 1 1 1 1 1 1 1 1 1 1 1 1 1 1 1 1 1 1 1 1 1 1 1 3 0
3 0 0 0 0 0 0 0 0 0 0 0 0 0 0 0 0 0 0 0 0 0 0 0 0 0 0 4 3 4
1 9 3 7
28 27
0 0 0 1 2 3 4 2 1 2 2 1 3 3 0 4 3 3 1 4 1 3 3 3 4 1 0 2
1 2 2 4 1 1 0 0 1 1 2 2 1 1 2 1 2 4 2 1 2 3 4 3 3 1 1 1
0 2 0 4 0 0 1 0 2 4 0 2 2 2 1 0 1 0 3 3 2 3 2 2 2 0 0 1
1 4 1 1 3 0 0 3 0 0 3 2 2 0 0 1 1 1 2 1 2 0 2 1 2 0 0 0
0 2 3 4 2 1 1 0 0 0 1 2 1 2 4 2 1 0 1 0 1 0 1 1 3 4 0 4
3 4 3 0 0 3 1 2 0 3 0 4 0 3 4 3 0 4 3 1 0 2 3 1 1 0 3 3
3 4 3 1 3 2 1 2 2 2 3 0 1 1 0 0 3 0 2 3 0 4 4 4 0 1 4 3
3 2 2 2 3 4 4 1 1 3 0 4 0 1 0 0 2 4 0 3 3 1 1 1 3 3 0 0
1 1 1 2 3 0 3 3 0 0 2 0 1 0 2 0 1 2 4 0 0 1 3 3 3 0 1 2
1 3 2 3 1 4 4 0 3 2 3 0 3 2 1 1 3 3 4 3 2 0 0 0 0 1 1 2
0 3 1 1 3 4 3 2 1 3 3 1 2 1 3 0 4 0 3 2 3 3 0 2 0 2 2 0
3 2 1 0 0 4 4 0 2 0 3 3 3 2 3 2 4 4 3 3 2 1 1 1 3 1 0 2
2 1 1 0 4 0 2 1 1 0 1 2 0 3 3 2 3 1 3 3 4 1 1 1 4 3 0 2
0 0 3 1 0 4 1 2 3 0 2 1 3 2 3 0 1 3 0 2 3 2 0 3 1 4 2 1
1 3 3 0 2 4 2 2 4 1 1 2 3 0 3 2 2 2 2 3 1 1 0 3 3 0 2 0
0 0 0 2 1 1 3 2 3 2 3 3 2 3 2 3 4 2 3 0 0 1 3 0 0 1 0 2
2 1 0 0 0 0 3 1 1 3 3 2 2 4 0 4 4 0 2 2 1 1 2 3 1 3 3 1
1 0 3 4 3 0 3 1 1 0 4 3 1 1 3 4 3 2 2 4 2 1 2 2 0 0 2 1
4 4 1 3 2 0 3 1 2 3 4 1 3 1 2 2 4 2 2 2 0 3 1 2 3 1 2 0
2 3 2 4 4 2 1 1 3 3 1 2 2 3 3 1 2 3 3 3 3 1 0 3 2 1 3 3
2 0 1 3 1 1 2 4 3 0 3 0 1 3 3 0 4 2 1 3 3 2 4 2 3 0 1 3
4 3 4 0 2 2 4 1 4 0 2 3 0 1 2 3 2 1 2 1 3 0 1 3 2 1 2 3
1 2 1 0 1 0 1 3 2 0 0 3 3 3 3 1 0 2 1 0 1 3 0 3 0 1 4 1
1 1 2 3 1 0 0 3 2 3 1 0 1 1 3 3 0 2 0 4 2 3 2 2 3 3 2 2
1 4 3 2 1 0 3 2 2 3 3 3 2 1 1 4 1 3 2 1 1 3 2 3 3 0 0 2
3 3 2 3 0 1 0 0 0 2 0 3 3 1 2 2 2 1 2 4 4 2 1 0 1 2 1 1
1 1 4 3 4 2 2 3 3 2 3 1 1 1 4 0 3 1 1 1 0 0 0 3 2 2 0 4
4 8 2 3
27 30
0 0 2 3 2 2 3 0 2 0 3 4 0 1 2 1 0 2 2 3 0 0 3 3 2 3 2
0 2 4 1 3 4 2 1 2 2 2 2 2 0 2 0 2 0 2 4 3 3 0 1 0 3 0
3 1 3 2 2 0 0 2 4 1 3 1 0 2 1 2 0 3 1 2 1 4 2 0 4 2 0
2 3 2 3 3 2 0 0 1 0 1 0 4 3 4 3 1 0 1 2 0 4 0 4 4 0 3
0 4 0 3 2 1 2 3 0 3 2 2 2 3 1 2 2 2 2 0 4 0 3 1 0 2 0
1 2 3 1 1 2 4 0 4 0 2 4 1 3 0 1 0 1 1 1 2 3 4 1 0 1 1
3 3 2 3 2 3 3 4 0 4 1 3 3 0 1 4 2 2 1 3 3 0 0 4 3 2 0
1 3 1 2 3 1 1 4 0 1 0 4 0 4 3 3 1 1 0 0 3 1 3 3 1 1 3
1 4 0 1 3 1 3 0 4 3 3 3 2 2 4 1 0 0 3 1 3 0 4 0 4 3 3
2 4 1 1 3 0 4 1 0 0 3 2 0 1 2 2 4 2 3 3 2 1 0 3 3 1 4
1 2 4 0 1 0 1 3 2 0 1 1 1 1 2 0 4 1 0 0 2 1 1 0 4 3 3
2 2 2 1 2 0 0 1 2 0 2 1 1 3 2 1 2 1 2 4 3 2 3 2 1 1 0
2 3 1 1 0 0 2 4 2 0 3 4 0 1 0 0 2 3 3 2 2 4 1 0 2 1 0
1 0 1 3 3 1 2 3 0 0 4 4 0 0 4 2 2 0 0 2 4 2 0 3 3 3 1
2 3 0 0 3 1 2 0 2 2 3 1 1 1 2 0 1 3 2 1 3 3 0 4 0 1 0
1 1 2 1 0 1 1 3 0 1 2 2 3 0 1 0 3 3 4 0 4 4 0 0 1 1 1
3 0 0 0 1 1 2 1 3 3 1 1 0 2 3 1 0 0 1 4 2 3 0 2 3 4 3
0 2 0 3 3 2 3 0 1 3 1 3 0 1 4 0 0 2 2 0 0 0 4 2 1 2 0
3 1 3 3 1 2 3 0 2 1 2 2 1 4 1 3 1 1 0 2 3 0 0 1 2 2 0
1 2 0 2 0 4 1 3 3 3 1 0 3 0 1 0 4 0 1 1 0 3 0 2 3 1 2
2 0 3 0 0 2 2 2 2 1 0 2 3 3 2 4 3 3 1 4 1 1 0 0 2 3 2
0 2 3 1 1 2 2 1 0 4 2 4 0 2 1 2 3 0 2 4 3 2 3 1 0 4 3
2 2 1 4 1 0 0 1 1 1 1 0 3 3 0 2 0 2 3 3 3 2 2 1 1 2 2
1 1 2 3 4 1 2 1 4 2 3 0 0 3 3 1 1 1 4 3 2 3 3 2 1 0 3
1 1 2 2 2 1 2 3 0 3 2 4 2 0 2 3 0 0 3 3 1 3 2 2 2 1 1
3 0 4 1 4 0 4 1 3 1 3 3 1 3 1 0 2 2 4 1 2 2 0 0 0 3 0
2 2 4 4 4 1 1 0 1 3 3 0 1 1 3 1 2 2 0 4 1 1 0 3 4 1 1
0 1 3 2 2 2 3 2 2 0 1 0 1 1 2 0 1 3 2 0 3 1 1 3 2 2 1
4 1 3 2 0 1 3 0 0 1 0 1 3 4 2 3 1 2 2 3 1 1 3 4 3 0 2
3 2 3 2 2 3 2 0 3 3 4 2 3 1 4 2 0 2 0 3 3 0 2 2 2 3 4
6 1 4 7
27 29
1 1 3 1 1 3 0 3 2 3 0 0 3 1 0 0 3 3 2 3 2 2 2 3 0 0 2
2 3 0 0 1 2 3 1 2 0 3 0 3 3 3 2 2 3 0 3 0 1 1 3 1 3 1
2 2 0 3 3 3 1 0 0 1 0 0 1 3 3 0 2 2 0 0 0 4 4 4 4 4 4
1 3 3 2 0 3 3 1 2 3 3 0 1 2 0 1 3 2 3 1 1 4 4 4 4 4 4
1 1 1 1 0 1 1 0 3 1 3 1 0 0 1 0 1 2 1 2 3 4 4 4 4 4 4
0 2 0 1 2 1 2 2 2 2 3 0 1 0 1 0 3 0 2 2 2 4 4 4 4 4 4
2 1 0 1 0 0 0 4 4 4 4 4 4 0 1 1 3 3 2 2 2 4 4 4 4 4 4
0 3 3 0 2 2 0 4 4 4 4 4 4 0 1 3 0 3 1 0 1 4 4 4 4 4 4
3 2 1 1 0 3 2 4 4 4 4 4 4 2 1 0 1 0 1 0 1 0 1 2 0 0 2
0 2 0 3 1 3 1 4 4 4 4 4 4 0 2 1 0 4 4 4 4 4 4 1 1 1 3
1 3 3 2 3 1 1 4 4 4 4 4 4 1 1 1 1 4 4 4 4 4 4 2 2 3 2
3 2 0 1 0 2 1 4 4 4 4 4 4 2 2 1 1 4 4 4 4 4 4 3 0 1 2
0 0 0 2 2 3 2 0 3 1 1 0 3 0 2 3 1 4 4 4 4 4 4 3 0 0 1
2 0 1 3 3 3 3 1 0 1 2 3 2 2 2 1 2 4 4 4 4 4 4 2 2 2 1
2 0 2 2 2 0 0 3 0 1 1 2 3 3 3 0 1 4 4 4 4 4 4 1 0 1 0
1 3 1 3 2 3 2 1 2 3 2 0 1 3 0 2 2 2 1 3 1 1 2 3 2 3 2
1 0 2 2 3 2 2 3 3 2 2 3 0 0 0 3 3 0 3 3 3 3 0 3 1 4 4
0 0 0 0 2 1 1 2 0 1 0 1 0 2 2 2 0 0 2 1 1 1 1 0 2 4 4
3 1 0 0 3 1 0 0 2 0 2 2 1 1 1 2 2 3 2 2 2 3 0 1 2 4 4
3 2 3 0 3 2 0 0 2 2 2 1 1 2 1 0 2 0 2 1 3 1 2 3 2 4 4
2 2 0 3 1 4 4 4 4 4 4 0 3 2 0 0 1 3 2 1 3 2 3 2 1 4 4
3 0 2 1 0 4 4 4 4 4 4 1 3 1 1 1 2 0 1 1 1 3 0 0 1 4 4
0 1 2 1 3 4 4 4 4 4 4 1 1 0 3 0 1 2 0 2 3 0 3 0 1 0 2
3 1 3 1 1 4 4 4 4 4 4 2 1 2 3 1 1 1 0 1 2 0 3 2 1 0 2
3 1 2 3 3 4 4 4 4 4 4 3 0 2 2 0 2 3 3 1 2 0 2 1 0 0 1
1 2 2 3 4 4 4 4 4 4 4 0 2 2 3 2 1 1 1 3 2 1 3 3 0 2 0
3 3 1 2 4 4 4 4 4 4 3 0 2 0 2 0 3 0 3 3 3 4 4 4 4 4 4
1 1 2 2 4 4 4 4 4 4 0 2 1 1 2 3 4 4 4 4 4 4 4 4 4 4 4
0 2 0 0 4 4 4 4 4 4 3 0 1 0 1 0 4 4 4 4 4 4 4 4 4 4 4
3 5 5 5
8 29
0 2 1 1 3 3 2 1
3 4 4 2 3 1 1 2
3 4 4 1 3 0 3 0
1 2 2 3 2 4 4 0
0 3 3 2 1 4 4 1
1 0 3 1 0 0 3 2
2 0 3 0 2 0 0 3
1 2 2 1 3 2 1 3
2 0 0 2 0 0 3 0
2 0 3 1 1 1 3 2
3 2 3 3 3 1 1 3
1 0 2 2 2 3 1 3
2 3 1 0 0 2 1 0
1 2 3 3 1 1 0 3
0 3 3 2 1 2 3 0
2 3 3 2 3 3 3 2
2 2 3 0 3 1 2 1
1 3 0 2 2 1 2 1
2 0 1 3 3 1 1 1
3 0 0 0 1 3 0 2
0 2 0 3 1 0 1 3
1 1 0 2 0 2 0 2
3 1 3 1 2 3 4 4
2 1 1 2 3 0 4 4
2 2 3 0 3 1 3 0
3 0 2 2 1 1 3 1
2 3 0 2 3 2 3 1
2 4 4 3 2 0 3 2
2 4 4 3 0 0 0 4
8 6 6 1
26 29
2 1 2 2 2 1 3 1 1 3 4 4 3 0 0 2 2 0 2 2 2 2 0 1 3 3
0 3 1 2 0 1 3 0 2 0 4 4 0 1 2 3 3 0 1 3 3 3 3 0 3 2
1 0 1 2 0 3 2 0 0 3 3 3 1 1 2 1 2 1 2 3 0 3 2 2 0 0
3 2 2 0 3 1 3 2 2 3 1 0 3 0 3 2 1 3 0 2 2 0 1 2 0 1
1 1 1 3 2 1 3 1 2 2 3 1 0 1 2 1 1 0 2 0 1 3 1 2 1 0
1 2 3 2 0 2 0 1 0 0 0 0 3 2 2 1 3 3 3 0 3 3 2 4 4 2
0 3 1 3 3 0 1 0 3 3 0 1 0 1 3 3 1 0 2 0 2 1 3 4 4 3
0 0 1 0 1 1 0 1 3 3 2 2 3 0 1 3 1 1 2 1 2 0 3 2 0 2
2 2 3 2 3 2 3 0 2 0 2 1 0 0 2 3 2 2 0 1 1 0 3 0 0 2
1 0 3 1 0 1 3 3 0 2 2 1 3 2 1 1 1 1 2 1 1 1 2 3 3 3
1 1 3 1 3 4 4 3 2 2 2 1 2 0 0 1 2 2 1 0 2 0 1 1 1 3
1 0 0 2 1 4 4 1 0 3 2 1 2 1 2 0 1 1 0 1 1 0 0 2 2 2
3 0 0 1 2 3 2 3 3 0 0 0 3 2 3 1 2 3 0 3 2 3 2 3 0 1
2 2 3 3 2 0 1 3 3 2 0 0 3 3 2 3 0 0 2 3 3 1 0 1 1 1
0 0 1 2 2 2 3 0 0 1 2 3 2 1 1 3 2 2 0 0 1 1 2 2 1 2
2 1 0 1 0 3 2 1 3 2 0 0 2 3 2 3 2 2 3 3 1 0 3 0 2 2
1 1 2 3 1 3 3 3 3 2 2 4 4 3 0 3 3 3 2 1 0 2 0 2 0 0
2 3 0 2 1 1 0 0 0 3 4 4 4 2 2 3 0 2 1 0 0 3 2 1 3 0
3 2 0 1 0 1 3 0 0 2 4 4 3 1 3 0 2 2 2 1 3 0 1 1 3 3
2 1 2 2 1 0 0 0 3 2 2 3 0 0 1 3 1 1 2 2 1 0 2 3 1 1
0 0 1 3 0 2 2 0 1 0 3 2 3 2 0 2 2 1 3 3 4 4 3 2 3 0
2 3 0 0 1 3 3 2 0 3 1 3 0 1 1 3 0 3 0 0 4 4 0 2 0 2
2 2 0 1 0 3 0 0 0 2 0 1 2 4 4 1 2 0 2 3 1 2 1 2 1 0
2 1 1 2 0 1 1 0 2 0 0 2 0 4 4 2 2 2 1 0 1 2 0 1 0 0
2 3 2 3 0 1 1 2 2 2 3 0 0 3 3 3 3 3 3 3 1 0 2 3 0 0
4 4 2 1 2 3 0 2 3 1 1 3 1 3 1 1 3 1 3 1 0 2 1 2 0 1
4 4 3 3 1 3 1 1 1 2 0 3 0 1 2 1 2 2 3 0 3 1 3 1 3 2
0 1 2 0 3 3 2 3 3 2 1 0 1 0 2 3 0 0 0 4 4 2 0 2 3 2
3 3 1 3 0 2 2 3 2 3 3 2 3 0 0 1 3 0 2 4 4 1 1 3 1 4
6 2 2 2
29 29
1 1 2 0 0 0 0 3 2 3 2 3 2 2 3 1 0 3 1 3 0 2 0 0 3 2 0 1 3
4 2 3 4 1 0 0 2 1 2 1 3 1 2 3 1 0 4 1 3 3 2 0 0 2 1 1 3 3
1 1 0 3 4 2 0 1 3 0 1 1 1 0 3 2 3 4 3 2 4 2 0 2 2 0 1 2 2
3 3 1 3 2 3 4 0 4 3 2 2 3 3 3 2 1 2 4 1 3 3 4 1 1 2 3 2 1
1 1 1 2 0 3 2 3 0 1 1 2 4 1 2 0 1 0 2 3 1 3 0 1 0 4 2 4 3
1 2 0 3 1 3 0 0 2 1 2 0 0 0 2 2 1 0 3 2 0 0 0 1 4 0 4 1 1
0 1 2 4 3 2 2 2 3 2 1 4 0 3 3 2 1 2 2 1 1 0 4 1 3 2 1 1 4
2 2 1 0 2 1 1 1 1 1 0 0 3 1 4 2 2 0 3 0 0 2 1 2 0 0 3 4 1
2 1 1 0 0 1 4 0 4 1 3 3 4 1 1 3 3 4 1 0 2 1 3 3 0 1 0 1 3
3 3 3 0 1 3 2 0 4 2 1 3 1 3 3 3 3 0 0 3 0 1 2 1 2 4 0 0 0
0 1 1 1 4 3 2 3 2 1 2 3 0 3 2 1 0 3 3 2 3 0 3 1 2 1 4 0 1
1 1 0 2 3 0 1 3 1 0 0 3 4 0 2 2 4 3 2 3 0 3 0 2 1 1 4 3 2
2 2 2 1 0 3 1 3 0 1 2 1 1 4 4 2 3 4 1 0 2 1 3 3 1 1 0 1 3
1 1 1 0 1 0 3 2 0 2 1 0 1 2 3 1 1 0 2 3 1 1 0 3 4 3 3 0 0
0 3 0 3 2 0 0 3 1 2 3 3 0 1 0 3 1 4 2 1 1 1 2 1 2 3 0 0 2
2 1 0 3 1 2 3 1 3 1 3 0 3 3 3 0 3 2 1 3 1 3 2 0 0 0 0 1 1
3 3 2 0 2 1 1 1 1 1 3 1 1 1 3 2 2 4 3 2 0 3 1 1 0 2 1 3 2
2 2 1 0 1 3 0 0 0 0 0 0 3 0 1 0 2 0 3 1 3 0 1 3 0 4 2 1 3
2 1 1 0 2 3 3 4 2 0 1 1 0 1 2 0 2 2 2 0 0 3 2 2 2 3 3 2 2
3 1 3 2 4 2 1 0 0 0 2 2 3 1 0 0 3 1 1 1 2 3 2 1 3 4 0 1 3
2 0 0 3 0 0 3 0 3 3 2 1 4 1 0 1 2 4 2 1 1 0 3 0 3 0 2 0 0
0 1 1 3 2 2 0 1 0 1 3 1 3 1 3 1 4 1 3 1 3 1 1 1 0 1 1 1 1
0 1 0 3 3 0 3 2 3 1 3 1 2 0 1 3 0 1 0 2 1 0 2 3 0 2 0 0 2
0 1 0 1 1 1 2 3 1 1 4 3 4 0 4 3 1 0 1 1 3 3 3 3 1 3 4 0 1
1 3 3 3 1 0 2 3 4 4 4 2 0 3 2 1 3 3 1 2 3 3 0 0 3 4 3 3 3
2 4 0 2 1 1 2 3 1 1 3 1 3 0 2 0 1 1 1 2 2 1 3 1 3 0 0 1 0
0 0 2 1 1 3 2 0 3 2 1 0 2 2 1 4 0 3 0 0 3 0 2 3 2 4 2 0 0
3 0 0 2 3 2 1 3 0 2 2 3 0 1 4 3 3 2 0 0 2 2 2 0 3 1 3 2 1
3 2 2 2 0 2 2 2 2 0 1 0 1 1 3 2 0 3 0 0 1 0 1 4 3 0 1 2 4
3 4 1 8
7 26
2 3 3 1 0 3 3
1 4 4 2 0 3 3
3 4 4 0 4 4 0
1 0 3 1 4 4 2
1 2 1 0 4 4 2
3 1 1 1 4 4 1
1 1 2 0 3 3 0
3 1 0 0 1 0 3
0 3 2 0 3 0 3
3 1 2 1 2 1 2
2 3 3 2 0 3 3
2 0 1 1 2 2 2
2 0 0 3 1 3 2
0 0 1 1 1 1 1
0 1 3 3 3 2 0
2 3 0 0 1 1 0
1 0 0 1 0 2 0
2 0 2 0 1 3 1
1 2 0 0 1 0 0
1 1 3 0 1 4 4
0 0 1 2 3 4 4
0 1 0 0 3 2 1
2 3 0 1 2 1 1
1 2 0 2 1 1 3
2 4 4 2 2 0 2
3 4 4 4 4 1 4
6 2 2 8
30 29
0 3 0 3 3 0 3 0 0 0 0 0 0 0 3 0 3 0 0 0 0 0 0 3 0 0 0 3 3 3
0 3 0 3 0 3 4 4 4 4 4 4 0 0 0 3 0 0 3 3 0 0 3 3 3 3 3 0 3 0
0 0 0 0 0 0 4 4 4 4 4 4 0 3 3 0 3 0 3 0 3 0 0 0 3 3 3 0 3 0
3 0 3 3 0 0 4 4 4 4 4 4 3 3 3 3 0 0 3 0 3 4 4 4 4 4 4 3 0 3
0 0 0 3 0 0 4 4 4 4 4 4 3 0 3 3 3 0 0 4 4 4 4 4 4 4 4 3 0 0
0 0 0 0 0 3 4 4 4 4 4 4 0 0 0 0 0 3 0 4 4 4 4 4 4 4 4 3 3 0
3 0 0 0 3 3 4 4 4 4 4 4 0 3 3 0 0 3 3 4 4 4 4 4 4 4 4 3 3 0
3 0 0 0 0 3 3 0 3 3 0 3 0 0 3 3 0 3 0 4 4 4 4 4 4 4 4 0 0 3
3 0 3 0 3 3 3 0 3 0 0 3 3 0 3 3 0 0 0 4 4 4 4 4 4 4 4 0 0 3
0 0 3 3 0 3 0 3 3 3 0 3 3 3 3 0 3 3 0 4 4 4 4 4 4 3 0 0 3 3
0 0 0 0 3 0 3 0 0 3 0 3 3 0 0 0 3 0 0 0 0 3 0 0 0 3 0 3 0 3
0 0 0 3 0 3 3 0 0 3 0 3 3 0 0 3 3 3 0 3 3 3 0 3 0 3 3 0 0 3
3 0 3 3 3 3 0 0 3 3 3 0 0 0 3 3 3 3 3 0 3 3 0 3 0 0 0 0 0 3
3 0 0 0 3 3 3 0 3 3 0 3 0 0 0 0 3 0 0 0 0 3 0 0 3 3 0 3 3 3
3 0 3 3 0 0 0 0 3 3 0 0 3 0 3 3 0 3 3 3 0 0 0 3 3 0 0 3 3 0
3 3 3 0 3 3 0 0 3 0 3 0 3 0 0 3 0 3 3 0 3 0 3 3 0 0 3 0 0 0
3 0 0 3 0 3 3 0 3 3 0 3 3 0 3 0 0 3 0 0 0 3 3 0 3 3 0 3 0 0
0 3 3 0 3 3 0 0 0 0 0 0 3 0 3 0 0 3 3 0 3 3 3 3 0 3 3 3 3 0
0 0 3 3 0 0 3 0 0 0 3 3 3 3 0 3 3 0 0 0 0 0 0 3 0 3 3 3 0 0
0 3 3 3 0 3 0 3 0 0 0 0 3 0 0 0 0 0 3 0 3 3 0 0 3 0 3 3 3 0
3 0 0 3 0 3 0 0 3 0 3 3 0 0 0 3 3 0 3 0 0 0 3 0 3 3 3 0 0 3
0 3 3 3 3 0 3 3 0 3 0 3 3 3 3 0 3 3 0 3 3 3 0 3 3 0 3 0 3 3
0 0 0 0 0 0 0 0 0 0 3 0 3 0 0 0 3 0 0 0 0 3 4 4 4 4 4 4 0 3
3 3 3 0 0 3 3 0 3 0 0 0 3 0 0 0 0 0 0 0 0 0 4 4 4 4 4 4 0 0
3 3 3 3 0 3 3 3 3 3 0 3 3 0 3 0 3 3 0 3 3 3 4 4 4 4 4 4 0 3
3 3 0 0 0 0 0 3 3 0 0 3 0 3 0 3 0 0 3 0 3 0 4 4 4 4 4 4 0 3
0 3 3 0 3 0 3 0 0 0 0 0 0 3 3 0 3 3 0 3 3 0 4 4 4 4 4 4 0 0
3 0 3 0 0 4 4 4 4 4 4 0 3 0 0 0 3 0 0 0 3 0 4 4 4 4 4 4 3 0
3 0 3 3 0 4 4 4 4 4 4 0 0 4 4 4 4 4 4 3 0 0 3 3 0 0 0 3 0 4
5 6 8 9
26 28
0 0 1 1 1 1 0 0 0 1 0 1 0 0 0 0 1 1 1 0 1 1 0 1 1 0
1 1 1 0 0 0 1 1 0 1 1 0 1 0 0 1 1 1 1 1 0 0 0 1 0 1
0 1 0 0 0 1 0 1 1 0 0 0 0 1 1 0 0 0 1 0 4 4 1 1 1 0
0 1 1 1 1 0 1 0 1 0 0 0 0 1 1 0 1 0 0 1 4 4 0 0 0 0
0 1 0 0 1 1 0 0 0 1 0 0 1 0 0 0 1 0 1 0 0 0 1 1 1 1
0 0 0 1 1 1 0 1 1 1 0 1 0 1 1 0 1 1 0 1 1 1 1 1 1 0
0 0 0 0 1 1 0 4 4 1 0 0 1 0 0 1 1 1 0 0 0 1 4 4 1 1
0 0 0 1 0 1 0 4 4 0 1 1 0 1 1 0 1 0 0 0 0 1 4 4 1 1
0 1 0 1 1 1 0 1 1 1 0 0 0 1 0 1 1 0 1 1 0 1 0 0 0 0
0 1 1 0 1 0 1 1 1 1 0 1 0 0 0 0 4 4 0 1 0 0 0 1 1 0
0 1 1 1 1 0 1 0 0 1 1 0 0 1 1 1 4 4 0 0 0 1 0 0 0 1
1 0 0 1 1 4 4 0 0 1 1 0 1 0 0 1 1 0 0 1 0 0 0 0 0 0
1 0 1 0 1 4 4 0 1 0 0 1 1 0 1 0 1 1 0 1 1 1 1 0 1 1
0 1 1 1 1 0 1 0 1 1 0 0 1 1 0 0 1 1 0 1 1 1 0 0 0 1
0 1 1 1 0 0 0 1 1 0 1 1 1 0 1 0 0 1 1 1 1 0 0 1 0 1
1 0 1 0 0 0 0 1 0 1 1 1 1 0 0 1 0 4 4 0 1 1 1 0 0 0
1 1 1 1 1 0 0 0 0 0 1 1 1 0 0 0 1 4 4 1 1 1 1 0 4 4
1 0 0 1 1 0 0 0 0 0 0 1 1 0 1 0 0 0 0 0 1 1 0 1 4 4
1 1 0 0 0 0 1 1 1 1 1 0 0 0 0 0 0 0 0 1 1 1 0 1 1 1
1 1 1 0 4 4 0 0 0 1 0 1 0 0 1 0 0 1 1 0 0 1 1 1 1 0
0 1 0 0 4 4 0 0 1 0 0 0 0 1 4 4 1 0 1 1 1 1 0 0 0 0
0 1 1 1 1 0 1 0 0 1 0 0 0 0 4 4 1 0 0 0 1 0 1 0 1 0
1 0 0 1 1 1 0 0 1 1 1 0 0 0 0 0 0 0 1 1 1 0 0 1 1 0
0 1 0 1 0 0 1 0 1 1 1 1 0 0 0 0 1 0 0 0 1 0 1 0 1 1
1 1 1 1 4 4 1 0 1 1 0 1 0 1 0 1 1 0 1 0 4 4 1 0 0 1
0 1 1 1 4 4 1 0 1 0 0 1 1 1 0 1 0 0 0 0 4 4 0 1 0 0
0 0 0 1 0 0 1 1 1 1 1 1 0 1 0 4 4 1 1 1 4 4 0 1 1 0
0 0 0 1 0 1 0 1 1 1 0 0 1 1 0 4 4 0 0 0 1 1 0 0 1 4
6 7 5 8
30 30
2 2 0 0 2 0 0 2 2 2 2 2 2 0 2 0 0 0 0 2 0 2 0 2 0 2 0 2 2 4
0 0 4 0 2 2 2 0 2 2 0 0 2 2 0 2 4 2 2 0 2 2 0 0 0 2 0 0 0 0
2 2 4 0 2 2 0 2 0 0 0 0 0 0 0 4 0 2 4 2 2 0 2 2 2 0 0 2 0 2
2 2 2 4 2 4 0 2 0 0 2 0 2 2 0 4 0 0 0 4 2 0 0 0 0 0 2 2 0 0
2 2 2 2 0 0 2 2 4 0 2 0 0 0 2 0 2 2 2 2 2 4 0 4 0 2 2 2 2 2
2 2 2 2 0 2 0 0 0 2 0 2 2 0 0 2 0 2 2 4 0 4 2 2 0 2 2 4 2 0
0 2 2 2 2 4 2 0 2 0 2 0 0 0 2 0 4 2 0 0 0 2 4 0 0 2 2 0 2 2
0 2 0 0 2 0 2 4 0 2 0 2 0 0 0 2 2 2 0 2 4 0 0 0 0 2 2 0 4 2
4 2 2 0 4 2 2 0 2 0 2 2 2 0 2 0 2 0 2 0 2 2 2 0 0 2 2 0 0 4
0 0 0 2 2 2 2 0 0 2 2 2 2 0 0 2 4 0 2 2 0 2 2 2 4 0 2 0 2 2
2 2 2 0 0 2 0 0 0 2 0 0 0 2 0 0 4 2 0 0 2 2 2 0 2 2 0 0 2 2
0 4 2 0 0 4 2 0 2 2 0 0 0 2 2 4 0 2 2 0 2 2 2 2 2 2 2 0 0 2
0 4 4 0 0 4 2 2 0 2 2 2 2 0 2 2 0 0 2 0 2 2 2 0 2 0 2 0 2 2
2 0 0 2 2 2 0 2 0 2 2 4 0 0 2 0 2 2 2 0 0 0 0 0 0 2 2 2 0 2
2 2 0 4 0 0 0 2 0 2 2 2 0 2 0 0 2 0 2 0 2 2 2 2 2 0 2 0 2 0
2 2 0 0 2 2 0 0 0 2 0 2 2 2 0 0 2 0 2 2 2 2 2 2 2 2 0 2 2 0
0 4 2 2 0 0 2 2 0 0 2 2 0 2 2 2 0 2 2 0 2 2 0 0 2 2 0 0 0 2
0 0 0 0 0 2 0 0 4 2 2 2 2 2 0 2 0 0 2 4 2 0 2 2 0 0 2 2 0 0
2 0 2 2 2 2 0 0 0 2 0 2 0 2 2 4 2 0 0 0 2 2 2 0 0 2 0 2 2 2
2 0 2 0 0 2 4 0 0 2 0 0 0 0 0 2 0 2 2 0 2 0 4 0 2 0 0 4 2 0
0 2 2 0 2 0 2 0 0 0 2 0 0 0 0 0 0 2 0 0 0 2 0 0 0 4 2 2 0 2
2 2 2 0 0 2 2 0 2 2 0 0 2 0 0 0 0 0 0 0 0 0 2 2 2 0 0 2 2 0
2 0 2 2 0 0 2 0 0 2 0 2 2 0 2 2 0 4 0 4 2 4 0 2 0 2 0 2 2 0
0 2 2 4 0 0 0 0 2 0 0 0 2 0 4 4 4 2 0 2 0 0 0 2 0 2 0 2 2 0
2 4 0 0 0 0 4 0 0 2 2 0 2 0 0 0 0 0 2 2 2 0 0 0 2 0 0 2 0 2
0 0 2 2 2 0 2 0 0 2 2 2 0 2 0 2 0 2 2 4 2 0 2 0 0 0 0 2 2 4
2 2 0 2 0 2 2 2 0 0 2 2 0 0 2 2 0 4 0 0 0 2 2 2 2 2 2 0 2 2
2 2 0 0 0 2 0 2 2 0 0 0 2 0 2 2 0 2 2 2 2 2 2 0 0 4 0 0 2 0
2 0 2 0 2 0 0 0 2 2 2 4 4 2 0 2 0 0 2 0 2 2 0 2 0 2 2 4 0 0
2 2 0 0 4 0 2 4 0 2 4 4 2 0 2 0 0 0 2 0 2 0 4 2 0 0 2 0 2 4
6 6 6 8
27 27
1 2 1 1 1 2 1 1 2 1 2 1 1 2 1 1 2 1 1 1 1 2 2 1 1 2 1
2 2 1 2 2 4 4 4 2 1 1 1 1 2 1 2 1 1 1 2 1 1 1 1 1 2 1
2 1 2 2 2 4 4 4 2 2 1 1 1 2 1 2 1 1 1 2 2 1 1 2 1 2 1
2 2 2 1 1 4 4 4 1 2 1 2 1 2 2 1 1 2 2 4 4 4 1 2 2 4 4
2 2 2 2 1 1 2 1 2 2 1 2 2 1 1 1 1 4 4 4 4 4 2 2 1 4 4
2 2 2 2 2 2 2 1 2 1 2 1 2 1 1 1 2 4 4 4 4 4 2 1 2 4 4
2 2 1 2 1 2 1 1 1 2 2 2 1 2 2 2 1 4 4 4 2 2 2 2 2 1 1
1 1 2 2 1 1 1 2 2 2 1 1 1 2 1 1 1 2 2 1 2 2 2 1 2 1 2
1 1 1 2 1 1 1 2 2 2 2 1 1 2 2 1 2 2 1 1 2 2 2 1 1 2 1
2 1 1 1 2 1 1 2 1 1 1 1 1 1 1 1 2 2 2 2 1 2 2 1 2 2 1
2 2 2 1 2 2 2 1 2 2 1 1 2 2 2 1 1 2 1 2 2 1 1 1 2 2 2
1 1 2 4 4 4 2 1 2 2 2 1 1 2 1 1 2 2 1 2 2 2 2 1 1 1 2
2 1 2 4 4 4 2 2 2 1 4 4 4 1 1 2 2 1 1 2 1 1 1 1 2 1 2
2 1 1 4 4 4 1 1 1 1 4 4 4 2 1 2 2 2 2 2 1 1 2 2 1 2 1
1 2 1 1 1 1 2 2 1 1 4 4 4 1 1 1 2 2 2 1 2 1 2 2 2 2 1
1 1 1 2 2 1 2 2 1 2 2 1 2 2 1 2 2 1 1 1 2 2 1 1 2 2 1
2 1 1 2 2 1 2 2 1 1 2 1 2 2 1 2 1 2 2 2 1 2 1 1 1 1 2
2 1 2 2 1 1 1 2 2 2 1 1 1 2 1 2 2 1 2 1 1 2 2 1 1 2 2
2 2 2 1 1 2 1 1 2 2 1 1 2 2 1 1 2 1 1 1 1 2 1 2 1 1 2
1 1 1 2 1 2 1 1 2 2 2 1 1 2 1 2 2 1 1 2 1 2 2 2 2 1 1
1 2 1 1 1 1 2 2 2 1 1 1 1 2 2 1 1 2 1 2 4 4 4 2 2 1 2
2 1 2 2 1 1 1 1 1 1 1 1 2 1 2 1 2 2 1 1 4 4 4 1 1 1 2
1 2 2 2 1 2 2 1 1 1 1 1 1 2 2 2 2 1 1 2 4 4 4 1 2 2 2
1 1 2 2 1 2 2 2 2 2 2 2 1 2 2 1 1 2 1 2 2 2 2 1 1 1 1
2 2 1 1 1 2 2 1 2 2 1 2 2 1 2 2 1 1 1 1 1 2 2 1 1 1 2
2 2 2 1 2 4 4 4 2 2 2 1 1 1 1 2 2 1 1 1 2 2 2 2 2 2 2
2 1 2 2 1 4 4 4 1 1 1 2 4 4 4 2 1 1 2 1 2 2 1 1 2 1 4
6 8 7 9
28 30
0 1 0 1 0 0 0 1 1 3 2 1 3 0 2 2 3 3 2 3 1 2 3 1 1 1 2 3
0 4 2 1 4 2 1 3 2 3 3 1 3 1 2 3 3 1 4 2 2 3 3 1 0 0 0 3
1 3 0 3 2 1 4 0 2 3 0 3 0 3 0 2 3 2 3 4 1 0 4 2 0 1 3 3
2 3 2 3 2 3 1 0 1 4 0 4 2 3 1 0 1 3 3 3 0 4 2 2 3 4 0 1
1 2 0 1 3 3 0 0 3 2 2 2 1 0 3 2 4 1 0 1 2 3 1 1 0 1 1 0
2 4 0 4 3 3 2 1 2 3 3 3 1 0 1 3 2 0 1 0 0 1 0 2 1 3 2 1
2 4 0 4 2 0 3 2 2 4 1 0 2 2 1 0 1 4 2 2 1 1 2 0 0 2 2 1
4 0 1 0 1 0 4 0 0 0 0 3 3 3 0 3 1 2 3 3 0 4 0 3 2 2 2 3
3 0 1 3 3 0 4 2 3 2 3 1 2 0 4 1 4 2 3 0 4 3 1 0 3 4 3 2
0 1 2 1 0 3 0 1 2 0 1 2 0 0 3 1 0 4 2 3 3 3 2 0 2 3 2 0
2 2 1 0 0 1 4 1 3 1 3 3 2 2 4 3 0 0 3 0 1 3 0 1 1 0 0 1
3 2 3 0 1 1 1 1 4 3 3 0 0 0 2 3 0 2 0 0 2 1 0 4 0 1 2 4
3 0 3 1 1 0 1 1 2 4 0 3 3 2 0 3 1 1 2 2 1 3 0 0 0 4 4 1
1 4 1 0 0 3 1 3 1 1 1 2 3 0 3 0 0 2 0 2 2 1 2 1 2 2 1 3
2 0 3 2 2 2 2 1 3 4 2 0 3 0 2 1 1 2 1 1 2 0 0 3 1 3 2 0
1 3 0 4 0 3 1 2 0 3 3 3 2 1 2 3 2 2 1 2 2 0 1 2 3 3 2 2
0 3 1 2 2 3 1 3 3 0 0 0 1 2 3 1 3 3 3 2 3 3 1 3 1 1 1 0
2 1 2 1 3 4 2 1 1 1 1 2 1 2 3 3 2 3 1 2 1 3 3 2 1 3 0 1
2 3 2 1 2 0 1 3 2 2 0 1 0 0 4 3 1 1 1 0 1 3 0 2 3 4 1 1
3 1 2 3 0 2 2 1 2 3 1 1 2 0 2 0 0 0 1 0 3 1 1 4 0 1 3 1
2 1 3 3 1 0 1 2 3 0 2 0 2 2 1 2 4 0 2 2 2 1 1 1 0 1 2 3
3 3 3 0 4 2 0 3 0 4 0 2 1 3 0 0 1 3 0 1 0 0 0 3 3 3 0 3
2 0 1 3 2 1 2 0 0 4 0 0 3 3 2 1 1 3 2 1 1 1 0 1 2 1 1 0
0 3 1 0 0 0 3 3 0 2 3 3 0 3 0 3 2 0 2 1 2 1 1 1 2 3 0 0
1 0 0 1 3 4 2 4 2 4 2 1 0 3 0 3 1 0 3 2 3 4 3 2 2 1 1 0
2 2 3 3 4 4 4 3 3 2 0 0 3 0 0 2 3 3 3 3 2 4 2 2 3 2 4 2
0 3 0 0 2 1 1 3 3 2 2 2 0 3 3 3 2 2 0 1 1 2 2 1 0 2 2 2
3 0 1 1 3 0 3 0 2 0 2 1 3 4 1 2 1 0 3 1 1 3 2 4 3 3 0 0
1 1 0 3 2 1 0 3 2 2 3 0 2 4 0 0 1 0 1 3 1 2 0 2 2 3 2 0
0 0 1 2 2 1 0 0 0 0 3 0 0 0 1 1 1 2 2 2 1 2 1 4 3 3 3 4
1 3 8 1
0 0